Label,Timestamp,AP SSID,BSSID,Rssi,Distance (mm),StdDev (mm),timeStemp,mcOn
11-2,2024-12-27 15:55:18.441,MCSLab RTT AP2,24:29:34:e1:ef:d4,-65,923,145,6054499081,true
11-2,2024-12-27 15:55:18.441,MCSLab RTT AP2,24:29:34:e1:ef:d4,-65,923,145,6054499081,true
11-2,2024-12-27 15:55:18.441,MCSLab RTT AP3,e4:5e:1b:a0:5e:85,-60,6748,831,6054499081,true
11-2,2024-12-27 15:55:18.441,MCSLab RTT AP2,24:29:34:e1:ef:d4,-65,923,145,6054499081,true
11-2,2024-12-27 15:55:18.441,MCSLab RTT AP3,e4:5e:1b:a0:5e:85,-60,6748,831,6054499081,true
11-2,2024-12-27 15:55:18.441,MCSLab RTT AP1,24:29:34:e2:4c:36,-70,5288,495,6054499081,true
11-2,2024-12-27 15:55:18.441,MCSLab RTT AP2,24:29:34:e1:ef:d4,-65,923,145,6054499081,true
11-2,2024-12-27 15:55:18.441,MCSLab RTT AP3,e4:5e:1b:a0:5e:85,-60,6748,831,6054499081,true
11-2,2024-12-27 15:55:18.441,MCSLab RTT AP1,24:29:34:e2:4c:36,-70,5288,495,6054499081,true
11-2,2024-12-27 15:55:18.441,MCSLab RTT AP3,b0:e4:d5:88:16:86,-66,2899,953,6054499080,true
11-2,2024-12-27 15:55:18.567,MCSLab RTT AP2,24:29:34:e1:ef:d4,-63,893,121,6054499205,true
11-2,2024-12-27 15:55:18.567,MCSLab RTT AP2,24:29:34:e1:ef:d4,-63,893,121,6054499205,true
11-2,2024-12-27 15:55:18.567,MCSLab RTT AP3,e4:5e:1b:a0:5e:85,-62,5602,478,6054499205,true
11-2,2024-12-27 15:55:18.567,MCSLab RTT AP2,24:29:34:e1:ef:d4,-63,893,121,6054499205,true
11-2,2024-12-27 15:55:18.567,MCSLab RTT AP3,e4:5e:1b:a0:5e:85,-62,5602,478,6054499205,true
11-2,2024-12-27 15:55:18.567,MCSLab RTT AP1,24:29:34:e2:4c:36,-70,5600,458,6054499205,true
11-2,2024-12-27 15:55:18.567,MCSLab RTT AP2,24:29:34:e1:ef:d4,-63,893,121,6054499205,true
11-2,2024-12-27 15:55:18.567,MCSLab RTT AP3,e4:5e:1b:a0:5e:85,-62,5602,478,6054499205,true
11-2,2024-12-27 15:55:18.567,MCSLab RTT AP1,24:29:34:e2:4c:36,-70,5600,458,6054499205,true
11-2,2024-12-27 15:55:18.567,MCSLab RTT AP3,b0:e4:d5:88:16:86,-60,2664,1313,6054499205,true
11-2,2024-12-27 15:55:18.692,MCSLab RTT AP2,24:29:34:e1:ef:d4,-65,1245,192,6054499330,true
11-2,2024-12-27 15:55:18.692,MCSLab RTT AP2,24:29:34:e1:ef:d4,-65,1245,192,6054499330,true
11-2,2024-12-27 15:55:18.692,MCSLab RTT AP3,e4:5e:1b:a0:5e:85,-64,7129,520,6054499330,true
11-2,2024-12-27 15:55:18.692,MCSLab RTT AP2,24:29:34:e1:ef:d4,-65,1245,192,6054499330,true
11-2,2024-12-27 15:55:18.692,MCSLab RTT AP3,e4:5e:1b:a0:5e:85,-64,7129,520,6054499330,true
11-2,2024-12-27 15:55:18.692,MCSLab RTT AP1,24:29:34:e2:4c:36,-69,5171,1459,6054499330,true
11-2,2024-12-27 15:55:18.692,MCSLab RTT AP2,24:29:34:e1:ef:d4,-65,1245,192,6054499330,true
11-2,2024-12-27 15:55:18.692,MCSLab RTT AP3,e4:5e:1b:a0:5e:85,-64,7129,520,6054499330,true
11-2,2024-12-27 15:55:18.692,MCSLab RTT AP1,24:29:34:e2:4c:36,-69,5171,1459,6054499330,true
11-2,2024-12-27 15:55:18.692,MCSLab RTT AP3,b0:e4:d5:88:16:86,-63,2586,1109,6054499330,true
11-2,2024-12-27 15:55:18.815,MCSLab RTT AP2,24:29:34:e1:ef:d4,-62,805,116,6054499453,true
11-2,2024-12-27 15:55:18.815,MCSLab RTT AP2,24:29:34:e1:ef:d4,-62,805,116,6054499453,true
11-2,2024-12-27 15:55:18.815,MCSLab RTT AP3,e4:5e:1b:a0:5e:85,-62,6728,747,6054499453,true
11-2,2024-12-27 15:55:18.815,MCSLab RTT AP2,24:29:34:e1:ef:d4,-62,805,116,6054499453,true
11-2,2024-12-27 15:55:18.815,MCSLab RTT AP3,e4:5e:1b:a0:5e:85,-62,6728,747,6054499453,true
11-2,2024-12-27 15:55:18.815,MCSLab RTT AP1,24:29:34:e2:4c:36,-63,5288,1150,6054499453,true
11-2,2024-12-27 15:55:18.815,MCSLab RTT AP2,24:29:34:e1:ef:d4,-62,805,116,6054499453,true
11-2,2024-12-27 15:55:18.815,MCSLab RTT AP3,e4:5e:1b:a0:5e:85,-62,6728,747,6054499453,true
11-2,2024-12-27 15:55:18.815,MCSLab RTT AP1,24:29:34:e2:4c:36,-63,5288,1150,6054499453,true
11-2,2024-12-27 15:55:18.815,MCSLab RTT AP3,b0:e4:d5:88:16:86,-62,2821,1132,6054499453,true
11-2,2024-12-27 15:55:18.938,MCSLab RTT AP2,24:29:34:e1:ef:d4,-65,102,205,6054499577,true
11-2,2024-12-27 15:55:18.938,MCSLab RTT AP2,24:29:34:e1:ef:d4,-65,102,205,6054499577,true
11-2,2024-12-27 15:55:18.938,MCSLab RTT AP3,e4:5e:1b:a0:5e:85,-61,6894,462,6054499577,true
11-2,2024-12-27 15:55:18.938,MCSLab RTT AP2,24:29:34:e1:ef:d4,-65,102,205,6054499577,true
11-2,2024-12-27 15:55:18.938,MCSLab RTT AP3,e4:5e:1b:a0:5e:85,-61,6894,462,6054499577,true
11-2,2024-12-27 15:55:18.938,MCSLab RTT AP1,24:29:34:e2:4c:36,-69,5327,503,6054499577,true
11-2,2024-12-27 15:55:18.938,MCSLab RTT AP2,24:29:34:e1:ef:d4,-65,102,205,6054499577,true
11-2,2024-12-27 15:55:18.938,MCSLab RTT AP3,e4:5e:1b:a0:5e:85,-61,6894,462,6054499577,true
11-2,2024-12-27 15:55:18.938,MCSLab RTT AP1,24:29:34:e2:4c:36,-69,5327,503,6054499577,true
11-2,2024-12-27 15:55:18.938,MCSLab RTT AP3,b0:e4:d5:88:16:86,-64,2469,1252,6054499577,true
11-2,2024-12-27 15:55:19.064,MCSLab RTT AP2,24:29:34:e1:ef:d4,-63,835,313,6054499703,true
11-2,2024-12-27 15:55:19.064,MCSLab RTT AP2,24:29:34:e1:ef:d4,-63,835,313,6054499703,true
11-2,2024-12-27 15:55:19.064,MCSLab RTT AP3,e4:5e:1b:a0:5e:85,-62,6611,789,6054499702,true
11-2,2024-12-27 15:55:19.064,MCSLab RTT AP2,24:29:34:e1:ef:d4,-63,835,313,6054499703,true
11-2,2024-12-27 15:55:19.064,MCSLab RTT AP3,e4:5e:1b:a0:5e:85,-62,6611,789,6054499702,true
11-2,2024-12-27 15:55:19.064,MCSLab RTT AP1,24:29:34:e2:4c:36,-69,5444,454,6054499702,true
11-2,2024-12-27 15:55:19.064,MCSLab RTT AP2,24:29:34:e1:ef:d4,-63,835,313,6054499703,true
11-2,2024-12-27 15:55:19.064,MCSLab RTT AP3,e4:5e:1b:a0:5e:85,-62,6611,789,6054499702,true
11-2,2024-12-27 15:55:19.064,MCSLab RTT AP1,24:29:34:e2:4c:36,-69,5444,454,6054499702,true
11-2,2024-12-27 15:55:19.064,MCSLab RTT AP3,b0:e4:d5:88:16:86,-64,2586,1181,6054499702,true
11-2,2024-12-27 15:55:19.187,MCSLab RTT AP2,24:29:34:e1:ef:d4,-64,747,250,6054499825,true
11-2,2024-12-27 15:55:19.187,MCSLab RTT AP2,24:29:34:e1:ef:d4,-64,747,250,6054499825,true
11-2,2024-12-27 15:55:19.187,MCSLab RTT AP3,e4:5e:1b:a0:5e:85,-61,7012,609,6054499825,true
11-2,2024-12-27 15:55:19.187,MCSLab RTT AP2,24:29:34:e1:ef:d4,-64,747,250,6054499825,true
11-2,2024-12-27 15:55:19.187,MCSLab RTT AP3,e4:5e:1b:a0:5e:85,-61,7012,609,6054499825,true
11-2,2024-12-27 15:55:19.187,MCSLab RTT AP1,24:29:34:e2:4c:36,-69,5171,499,6054499825,true
11-2,2024-12-27 15:55:19.187,MCSLab RTT AP2,24:29:34:e1:ef:d4,-64,747,250,6054499825,true
11-2,2024-12-27 15:55:19.187,MCSLab RTT AP3,e4:5e:1b:a0:5e:85,-61,7012,609,6054499825,true
11-2,2024-12-27 15:55:19.187,MCSLab RTT AP1,24:29:34:e2:4c:36,-69,5171,499,6054499825,true
11-2,2024-12-27 15:55:19.187,MCSLab RTT AP3,b0:e4:d5:88:16:86,-64,2430,1252,6054499825,true
11-2,2024-12-27 15:55:19.310,MCSLab RTT AP2,24:29:34:e1:ef:d4,-64,600,286,6054499948,true
11-2,2024-12-27 15:55:19.310,MCSLab RTT AP2,24:29:34:e1:ef:d4,-64,600,286,6054499948,true
11-2,2024-12-27 15:55:19.310,MCSLab RTT AP3,e4:5e:1b:a0:5e:85,-63,6748,637,6054499948,true
11-2,2024-12-27 15:55:19.310,MCSLab RTT AP2,24:29:34:e1:ef:d4,-64,600,286,6054499948,true
11-2,2024-12-27 15:55:19.310,MCSLab RTT AP3,e4:5e:1b:a0:5e:85,-63,6748,637,6054499948,true
11-2,2024-12-27 15:55:19.310,MCSLab RTT AP1,24:29:34:e2:4c:36,-70,5366,604,6054499948,true
11-2,2024-12-27 15:55:19.310,MCSLab RTT AP2,24:29:34:e1:ef:d4,-64,600,286,6054499948,true
11-2,2024-12-27 15:55:19.310,MCSLab RTT AP3,e4:5e:1b:a0:5e:85,-63,6748,637,6054499948,true
11-2,2024-12-27 15:55:19.310,MCSLab RTT AP1,24:29:34:e2:4c:36,-70,5366,604,6054499948,true
11-2,2024-12-27 15:55:19.310,MCSLab RTT AP3,b0:e4:d5:88:16:86,-65,2703,1155,6054499948,true
11-2,2024-12-27 15:55:19.434,MCSLab RTT AP2,24:29:34:e1:ef:d4,-65,835,471,6054500071,true
11-2,2024-12-27 15:55:19.434,MCSLab RTT AP2,24:29:34:e1:ef:d4,-65,835,471,6054500071,true
11-2,2024-12-27 15:55:19.434,MCSLab RTT AP3,e4:5e:1b:a0:5e:85,-60,6858,528,6054500071,true
11-2,2024-12-27 15:55:19.434,MCSLab RTT AP2,24:29:34:e1:ef:d4,-65,835,471,6054500071,true
11-2,2024-12-27 15:55:19.434,MCSLab RTT AP3,e4:5e:1b:a0:5e:85,-60,6858,528,6054500071,true
11-2,2024-12-27 15:55:19.434,MCSLab RTT AP1,24:29:34:e2:4c:36,-69,5561,511,6054500071,true
11-2,2024-12-27 15:55:19.434,MCSLab RTT AP2,24:29:34:e1:ef:d4,-65,835,471,6054500071,true
11-2,2024-12-27 15:55:19.434,MCSLab RTT AP3,e4:5e:1b:a0:5e:85,-60,6858,528,6054500071,true
11-2,2024-12-27 15:55:19.434,MCSLab RTT AP1,24:29:34:e2:4c:36,-69,5561,511,6054500071,true
11-2,2024-12-27 15:55:19.434,MCSLab RTT AP3,b0:e4:d5:88:16:86,-65,2313,1288,6054500071,true
11-2,2024-12-27 15:55:19.557,MCSLab RTT AP2,24:29:34:e1:ef:d4,-65,718,174,6054500194,true
11-2,2024-12-27 15:55:19.557,MCSLab RTT AP2,24:29:34:e1:ef:d4,-65,718,174,6054500194,true
11-2,2024-12-27 15:55:19.557,MCSLab RTT AP3,e4:5e:1b:a0:5e:85,-64,5596,561,6054500194,true
11-2,2024-12-27 15:55:19.557,MCSLab RTT AP2,24:29:34:e1:ef:d4,-65,718,174,6054500194,true
11-2,2024-12-27 15:55:19.557,MCSLab RTT AP3,e4:5e:1b:a0:5e:85,-64,5596,561,6054500194,true
11-2,2024-12-27 15:55:19.557,MCSLab RTT AP1,24:29:34:e2:4c:36,-70,5366,489,6054500194,true
11-2,2024-12-27 15:55:19.557,MCSLab RTT AP2,24:29:34:e1:ef:d4,-65,718,174,6054500194,true
11-2,2024-12-27 15:55:19.557,MCSLab RTT AP3,e4:5e:1b:a0:5e:85,-64,5596,561,6054500194,true
11-2,2024-12-27 15:55:19.557,MCSLab RTT AP1,24:29:34:e2:4c:36,-70,5366,489,6054500194,true
11-2,2024-12-27 15:55:19.557,MCSLab RTT AP3,b0:e4:d5:88:16:86,-65,2508,1176,6054500194,true
11-2,2024-12-27 15:55:19.683,MCSLab RTT AP2,24:29:34:e1:ef:d4,-65,288,224,6054500320,true
11-2,2024-12-27 15:55:19.683,MCSLab RTT AP2,24:29:34:e1:ef:d4,-65,288,224,6054500320,true
11-2,2024-12-27 15:55:19.683,MCSLab RTT AP3,e4:5e:1b:a0:5e:85,-61,6376,843,6054500320,true
11-2,2024-12-27 15:55:19.683,MCSLab RTT AP2,24:29:34:e1:ef:d4,-65,288,224,6054500320,true
11-2,2024-12-27 15:55:19.683,MCSLab RTT AP3,e4:5e:1b:a0:5e:85,-61,6376,843,6054500320,true
11-2,2024-12-27 15:55:19.683,MCSLab RTT AP1,24:29:34:e2:4c:36,-69,5249,512,6054500320,true
11-2,2024-12-27 15:55:19.683,MCSLab RTT AP2,24:29:34:e1:ef:d4,-65,288,224,6054500320,true
11-2,2024-12-27 15:55:19.683,MCSLab RTT AP3,e4:5e:1b:a0:5e:85,-61,6376,843,6054500320,true
11-2,2024-12-27 15:55:19.683,MCSLab RTT AP1,24:29:34:e2:4c:36,-69,5249,512,6054500320,true
11-2,2024-12-27 15:55:19.683,MCSLab RTT AP3,b0:e4:d5:88:16:86,-65,2743,974,6054500320,true
11-2,2024-12-27 15:55:19.823,MCSLab RTT AP2,24:29:34:e1:ef:d4,-64,366,309,6054500456,true
11-2,2024-12-27 15:55:19.823,MCSLab RTT AP2,24:29:34:e1:ef:d4,-64,366,309,6054500456,true
11-2,2024-12-27 15:55:19.823,MCSLab RTT AP3,e4:5e:1b:a0:5e:85,-61,6836,520,6054500456,true
11-2,2024-12-27 15:55:19.823,MCSLab RTT AP2,24:29:34:e1:ef:d4,-64,366,309,6054500456,true
11-2,2024-12-27 15:55:19.823,MCSLab RTT AP3,e4:5e:1b:a0:5e:85,-61,6836,520,6054500456,true
11-2,2024-12-27 15:55:19.823,MCSLab RTT AP1,24:29:34:e2:4c:36,-69,5522,328,6054500456,true
11-2,2024-12-27 15:55:19.823,MCSLab RTT AP2,24:29:34:e1:ef:d4,-64,366,309,6054500456,true
11-2,2024-12-27 15:55:19.823,MCSLab RTT AP3,e4:5e:1b:a0:5e:85,-61,6836,520,6054500456,true
11-2,2024-12-27 15:55:19.823,MCSLab RTT AP1,24:29:34:e2:4c:36,-69,5522,328,6054500456,true
11-2,2024-12-27 15:55:19.823,MCSLab RTT AP3,b0:e4:d5:88:16:86,-62,2316,1228,6054500456,true
11-2,2024-12-27 15:55:19.968,MCSLab RTT AP2,24:29:34:e1:ef:d4,-66,542,217,6054500602,true
11-2,2024-12-27 15:55:19.968,MCSLab RTT AP2,24:29:34:e1:ef:d4,-66,542,217,6054500602,true
11-2,2024-12-27 15:55:19.968,MCSLab RTT AP3,e4:5e:1b:a0:5e:85,-62,6689,724,6054500602,true
11-2,2024-12-27 15:55:19.968,MCSLab RTT AP2,24:29:34:e1:ef:d4,-66,542,217,6054500602,true
11-2,2024-12-27 15:55:19.968,MCSLab RTT AP3,e4:5e:1b:a0:5e:85,-62,6689,724,6054500602,true
11-2,2024-12-27 15:55:19.968,MCSLab RTT AP1,24:29:34:e2:4c:36,-69,5405,503,6054500602,true
11-2,2024-12-27 15:55:19.968,MCSLab RTT AP2,24:29:34:e1:ef:d4,-66,542,217,6054500602,true
11-2,2024-12-27 15:55:19.968,MCSLab RTT AP3,e4:5e:1b:a0:5e:85,-62,6689,724,6054500602,true
11-2,2024-12-27 15:55:19.968,MCSLab RTT AP1,24:29:34:e2:4c:36,-69,5405,503,6054500602,true
11-2,2024-12-27 15:55:19.968,MCSLab RTT AP3,b0:e4:d5:88:16:86,-64,2313,1276,6054500601,true
11-2,2024-12-27 15:55:20.112,MCSLab RTT AP2,24:29:34:e1:ef:d4,-67,659,136,6054500745,true
11-2,2024-12-27 15:55:20.112,MCSLab RTT AP2,24:29:34:e1:ef:d4,-67,659,136,6054500745,true
11-2,2024-12-27 15:55:20.112,MCSLab RTT AP3,e4:5e:1b:a0:5e:85,-59,6699,602,6054500745,true
11-2,2024-12-27 15:55:20.112,MCSLab RTT AP2,24:29:34:e1:ef:d4,-67,659,136,6054500745,true
11-2,2024-12-27 15:55:20.112,MCSLab RTT AP3,e4:5e:1b:a0:5e:85,-59,6699,602,6054500745,true
11-2,2024-12-27 15:55:20.112,MCSLab RTT AP1,24:29:34:e2:4c:36,-69,5366,314,6054500745,true
11-2,2024-12-27 15:55:20.112,MCSLab RTT AP2,24:29:34:e1:ef:d4,-67,659,136,6054500745,true
11-2,2024-12-27 15:55:20.112,MCSLab RTT AP3,e4:5e:1b:a0:5e:85,-59,6699,602,6054500745,true
11-2,2024-12-27 15:55:20.112,MCSLab RTT AP1,24:29:34:e2:4c:36,-69,5366,314,6054500745,true
11-2,2024-12-27 15:55:20.112,MCSLab RTT AP3,b0:e4:d5:88:16:86,-63,2121,1375,6054500745,true
11-2,2024-12-27 15:55:20.257,MCSLab RTT AP2,24:29:34:e1:ef:d4,-65,688,98,6054500890,true
11-2,2024-12-27 15:55:20.257,MCSLab RTT AP2,24:29:34:e1:ef:d4,-65,688,98,6054500890,true
11-2,2024-12-27 15:55:20.257,MCSLab RTT AP3,e4:5e:1b:a0:5e:85,-61,6748,665,6054500890,true
11-2,2024-12-27 15:55:20.257,MCSLab RTT AP2,24:29:34:e1:ef:d4,-65,688,98,6054500890,true
11-2,2024-12-27 15:55:20.257,MCSLab RTT AP3,e4:5e:1b:a0:5e:85,-61,6748,665,6054500890,true
11-2,2024-12-27 15:55:20.257,MCSLab RTT AP1,24:29:34:e2:4c:36,-69,5366,580,6054500890,true
11-2,2024-12-27 15:55:20.257,MCSLab RTT AP2,24:29:34:e1:ef:d4,-65,688,98,6054500890,true
11-2,2024-12-27 15:55:20.257,MCSLab RTT AP3,e4:5e:1b:a0:5e:85,-61,6748,665,6054500890,true
11-2,2024-12-27 15:55:20.257,MCSLab RTT AP1,24:29:34:e2:4c:36,-69,5366,580,6054500890,true
11-2,2024-12-27 15:55:20.257,MCSLab RTT AP3,b0:e4:d5:88:16:86,-66,2430,1204,6054500890,true
11-2,2024-12-27 15:55:20.397,MCSLab RTT AP2,24:29:34:e1:ef:d4,-63,805,138,6054501033,true
11-2,2024-12-27 15:55:20.397,MCSLab RTT AP2,24:29:34:e1:ef:d4,-63,805,138,6054501033,true
11-2,2024-12-27 15:55:20.397,MCSLab RTT AP3,e4:5e:1b:a0:5e:85,-62,6650,577,6054501033,true
11-2,2024-12-27 15:55:20.397,MCSLab RTT AP2,24:29:34:e1:ef:d4,-63,805,138,6054501033,true
11-2,2024-12-27 15:55:20.397,MCSLab RTT AP3,e4:5e:1b:a0:5e:85,-62,6650,577,6054501033,true
11-2,2024-12-27 15:55:20.397,MCSLab RTT AP1,24:29:34:e2:4c:36,-69,5327,270,6054501033,true
11-2,2024-12-27 15:55:20.397,MCSLab RTT AP2,24:29:34:e1:ef:d4,-63,805,138,6054501033,true
11-2,2024-12-27 15:55:20.397,MCSLab RTT AP3,e4:5e:1b:a0:5e:85,-62,6650,577,6054501033,true
11-2,2024-12-27 15:55:20.397,MCSLab RTT AP1,24:29:34:e2:4c:36,-69,5327,270,6054501033,true
11-2,2024-12-27 15:55:20.397,MCSLab RTT AP3,b0:e4:d5:88:16:86,-64,2508,1168,6054501033,true
11-2,2024-12-27 15:55:20.538,MCSLab RTT AP2,24:29:34:e1:ef:d4,-64,600,132,6054501173,true
11-2,2024-12-27 15:55:20.538,MCSLab RTT AP2,24:29:34:e1:ef:d4,-64,600,132,6054501173,true
11-2,2024-12-27 15:55:20.538,MCSLab RTT AP3,e4:5e:1b:a0:5e:85,-63,6103,326,6054501173,true
11-2,2024-12-27 15:55:20.538,MCSLab RTT AP2,24:29:34:e1:ef:d4,-64,600,132,6054501173,true
11-2,2024-12-27 15:55:20.538,MCSLab RTT AP3,e4:5e:1b:a0:5e:85,-63,6103,326,6054501173,true
11-2,2024-12-27 15:55:20.538,MCSLab RTT AP1,24:29:34:e2:4c:36,-69,5171,590,6054501173,true
11-2,2024-12-27 15:55:20.538,MCSLab RTT AP2,24:29:34:e1:ef:d4,-64,600,132,6054501173,true
11-2,2024-12-27 15:55:20.538,MCSLab RTT AP3,e4:5e:1b:a0:5e:85,-63,6103,326,6054501173,true
11-2,2024-12-27 15:55:20.538,MCSLab RTT AP1,24:29:34:e2:4c:36,-69,5171,590,6054501173,true
11-2,2024-12-27 15:55:20.538,MCSLab RTT AP3,b0:e4:d5:88:16:86,-62,2512,1216,6054501173,true
11-2,2024-12-27 15:55:20.672,MCSLab RTT AP2,24:29:34:e1:ef:d4,-65,249,224,6054501310,true
11-2,2024-12-27 15:55:20.672,MCSLab RTT AP2,24:29:34:e1:ef:d4,-65,249,224,6054501310,true
11-2,2024-12-27 15:55:20.672,MCSLab RTT AP3,e4:5e:1b:a0:5e:85,-62,5986,403,6054501310,true
11-2,2024-12-27 15:55:20.672,MCSLab RTT AP2,24:29:34:e1:ef:d4,-65,249,224,6054501310,true
11-2,2024-12-27 15:55:20.672,MCSLab RTT AP3,e4:5e:1b:a0:5e:85,-62,5986,403,6054501310,true
11-2,2024-12-27 15:55:20.672,MCSLab RTT AP1,24:29:34:e2:4c:36,-69,5405,380,6054501310,true
11-2,2024-12-27 15:55:20.672,MCSLab RTT AP2,24:29:34:e1:ef:d4,-65,249,224,6054501310,true
11-2,2024-12-27 15:55:20.672,MCSLab RTT AP3,e4:5e:1b:a0:5e:85,-62,5986,403,6054501310,true
11-2,2024-12-27 15:55:20.672,MCSLab RTT AP1,24:29:34:e2:4c:36,-69,5405,380,6054501310,true
11-2,2024-12-27 15:55:20.672,MCSLab RTT AP3,b0:e4:d5:88:16:86,-65,2430,1142,6054501310,true
11-2,2024-12-27 15:55:20.794,MCSLab RTT AP2,24:29:34:e1:ef:d4,-66,366,206,6054501433,true
11-2,2024-12-27 15:55:20.794,MCSLab RTT AP2,24:29:34:e1:ef:d4,-66,366,206,6054501433,true
11-2,2024-12-27 15:55:20.794,MCSLab RTT AP3,e4:5e:1b:a0:5e:85,-61,6299,433,6054501433,true
11-2,2024-12-27 15:55:20.794,MCSLab RTT AP2,24:29:34:e1:ef:d4,-66,366,206,6054501433,true
11-2,2024-12-27 15:55:20.794,MCSLab RTT AP3,e4:5e:1b:a0:5e:85,-61,6299,433,6054501433,true
11-2,2024-12-27 15:55:20.794,MCSLab RTT AP1,24:29:34:e2:4c:36,-70,5366,340,6054501433,true
11-2,2024-12-27 15:55:20.794,MCSLab RTT AP2,24:29:34:e1:ef:d4,-66,366,206,6054501433,true
11-2,2024-12-27 15:55:20.794,MCSLab RTT AP3,e4:5e:1b:a0:5e:85,-61,6299,433,6054501433,true
11-2,2024-12-27 15:55:20.794,MCSLab RTT AP1,24:29:34:e2:4c:36,-70,5366,340,6054501433,true
11-2,2024-12-27 15:55:20.794,MCSLab RTT AP3,b0:e4:d5:88:16:86,-60,3573,1180,6054501433,true
11-2,2024-12-27 15:55:20.917,MCSLab RTT AP2,24:29:34:e1:ef:d4,-65,425,151,6054501553,true
11-2,2024-12-27 15:55:20.917,MCSLab RTT AP2,24:29:34:e1:ef:d4,-65,425,151,6054501553,true
11-2,2024-12-27 15:55:20.917,MCSLab RTT AP3,e4:5e:1b:a0:5e:85,-63,6719,532,6054501553,true
11-2,2024-12-27 15:55:20.917,MCSLab RTT AP2,24:29:34:e1:ef:d4,-65,425,151,6054501553,true
11-2,2024-12-27 15:55:20.917,MCSLab RTT AP3,e4:5e:1b:a0:5e:85,-63,6719,532,6054501553,true
11-2,2024-12-27 15:55:20.917,MCSLab RTT AP1,24:29:34:e2:4c:36,-69,5327,535,6054501553,true
11-2,2024-12-27 15:55:20.917,MCSLab RTT AP2,24:29:34:e1:ef:d4,-65,425,151,6054501553,true
11-2,2024-12-27 15:55:20.917,MCSLab RTT AP3,e4:5e:1b:a0:5e:85,-63,6719,532,6054501553,true
11-2,2024-12-27 15:55:20.917,MCSLab RTT AP1,24:29:34:e2:4c:36,-69,5327,535,6054501553,true
11-2,2024-12-27 15:55:20.917,MCSLab RTT AP3,b0:e4:d5:88:16:86,-63,2586,1178,6054501553,true
11-2,2024-12-27 15:55:21.059,MCSLab RTT AP2,24:29:34:e1:ef:d4,-65,454,257,6054501692,true
11-2,2024-12-27 15:55:21.059,MCSLab RTT AP2,24:29:34:e1:ef:d4,-65,454,257,6054501692,true
11-2,2024-12-27 15:55:21.059,MCSLab RTT AP3,e4:5e:1b:a0:5e:85,-61,5947,442,6054501692,true
11-2,2024-12-27 15:55:21.059,MCSLab RTT AP2,24:29:34:e1:ef:d4,-65,454,257,6054501692,true
11-2,2024-12-27 15:55:21.059,MCSLab RTT AP3,e4:5e:1b:a0:5e:85,-61,5947,442,6054501692,true
11-2,2024-12-27 15:55:21.059,MCSLab RTT AP1,24:29:34:e2:4c:36,-69,5600,273,6054501692,true
11-2,2024-12-27 15:55:21.059,MCSLab RTT AP2,24:29:34:e1:ef:d4,-65,454,257,6054501692,true
11-2,2024-12-27 15:55:21.059,MCSLab RTT AP3,e4:5e:1b:a0:5e:85,-61,5947,442,6054501692,true
11-2,2024-12-27 15:55:21.059,MCSLab RTT AP1,24:29:34:e2:4c:36,-69,5600,273,6054501692,true
11-2,2024-12-27 15:55:21.059,MCSLab RTT AP3,b0:e4:d5:88:16:86,-64,2547,1161,6054501692,true
11-2,2024-12-27 15:55:21.199,MCSLab RTT AP2,24:29:34:e1:ef:d4,-66,542,152,6054501834,true
11-2,2024-12-27 15:55:21.199,MCSLab RTT AP2,24:29:34:e1:ef:d4,-66,542,152,6054501834,true
11-2,2024-12-27 15:55:21.199,MCSLab RTT AP3,e4:5e:1b:a0:5e:85,-61,5596,456,6054501834,true
11-2,2024-12-27 15:55:21.199,MCSLab RTT AP2,24:29:34:e1:ef:d4,-66,542,152,6054501834,true
11-2,2024-12-27 15:55:21.199,MCSLab RTT AP3,e4:5e:1b:a0:5e:85,-61,5596,456,6054501834,true
11-2,2024-12-27 15:55:21.199,MCSLab RTT AP1,24:29:34:e2:4c:36,-69,5444,394,6054501834,true
11-2,2024-12-27 15:55:21.199,MCSLab RTT AP2,24:29:34:e1:ef:d4,-66,542,152,6054501834,true
11-2,2024-12-27 15:55:21.199,MCSLab RTT AP3,e4:5e:1b:a0:5e:85,-61,5596,456,6054501834,true
11-2,2024-12-27 15:55:21.199,MCSLab RTT AP1,24:29:34:e2:4c:36,-69,5444,394,6054501834,true
11-2,2024-12-27 15:55:21.199,MCSLab RTT AP3,b0:e4:d5:88:16:86,-64,2625,1161,6054501833,true
11-2,2024-12-27 15:55:21.341,MCSLab RTT AP2,24:29:34:e1:ef:d4,-65,395,175,6054501975,true
11-2,2024-12-27 15:55:21.341,MCSLab RTT AP2,24:29:34:e1:ef:d4,-65,395,175,6054501975,true
11-2,2024-12-27 15:55:21.341,MCSLab RTT AP3,e4:5e:1b:a0:5e:85,-62,6865,650,6054501975,true
11-2,2024-12-27 15:55:21.341,MCSLab RTT AP2,24:29:34:e1:ef:d4,-65,395,175,6054501975,true
11-2,2024-12-27 15:55:21.341,MCSLab RTT AP3,e4:5e:1b:a0:5e:85,-62,6865,650,6054501975,true
11-2,2024-12-27 15:55:21.341,MCSLab RTT AP1,24:29:34:e2:4c:36,-70,5249,573,6054501975,true
11-2,2024-12-27 15:55:21.341,MCSLab RTT AP2,24:29:34:e1:ef:d4,-65,395,175,6054501975,true
11-2,2024-12-27 15:55:21.341,MCSLab RTT AP3,e4:5e:1b:a0:5e:85,-62,6865,650,6054501975,true
11-2,2024-12-27 15:55:21.341,MCSLab RTT AP1,24:29:34:e2:4c:36,-70,5249,573,6054501975,true
11-2,2024-12-27 15:55:21.341,MCSLab RTT AP3,b0:e4:d5:88:16:86,-62,2512,1247,6054501975,true
11-2,2024-12-27 15:55:21.486,MCSLab RTT AP2,24:29:34:e1:ef:d4,-63,249,336,6054502119,true
11-2,2024-12-27 15:55:21.486,MCSLab RTT AP2,24:29:34:e1:ef:d4,-63,249,336,6054502119,true
11-2,2024-12-27 15:55:21.486,MCSLab RTT AP3,e4:5e:1b:a0:5e:85,-57,6748,636,6054502118,true
11-2,2024-12-27 15:55:21.486,MCSLab RTT AP2,24:29:34:e1:ef:d4,-63,249,336,6054502119,true
11-2,2024-12-27 15:55:21.486,MCSLab RTT AP3,e4:5e:1b:a0:5e:85,-57,6748,636,6054502118,true
11-2,2024-12-27 15:55:21.486,MCSLab RTT AP1,24:29:34:e2:4c:36,-63,5522,1078,6054502119,true
11-2,2024-12-27 15:55:21.486,MCSLab RTT AP2,24:29:34:e1:ef:d4,-63,249,336,6054502119,true
11-2,2024-12-27 15:55:21.486,MCSLab RTT AP3,e4:5e:1b:a0:5e:85,-57,6748,636,6054502118,true
11-2,2024-12-27 15:55:21.486,MCSLab RTT AP1,24:29:34:e2:4c:36,-63,5522,1078,6054502119,true
11-2,2024-12-27 15:55:21.486,MCSLab RTT AP3,b0:e4:d5:88:16:86,-65,2782,973,6054502118,true
11-2,2024-12-27 15:55:21.635,MCSLab RTT AP2,24:29:34:e1:ef:d4,-66,190,457,6054502262,true
11-2,2024-12-27 15:55:21.635,MCSLab RTT AP2,24:29:34:e1:ef:d4,-66,190,457,6054502262,true
11-2,2024-12-27 15:55:21.635,MCSLab RTT AP3,e4:5e:1b:a0:5e:85,-62,6689,834,6054502262,true
11-2,2024-12-27 15:55:21.635,MCSLab RTT AP2,24:29:34:e1:ef:d4,-66,190,457,6054502262,true
11-2,2024-12-27 15:55:21.635,MCSLab RTT AP3,e4:5e:1b:a0:5e:85,-62,6689,834,6054502262,true
11-2,2024-12-27 15:55:21.635,MCSLab RTT AP1,24:29:34:e2:4c:36,-69,5327,462,6054502262,true
11-2,2024-12-27 15:55:21.635,MCSLab RTT AP2,24:29:34:e1:ef:d4,-66,190,457,6054502262,true
11-2,2024-12-27 15:55:21.635,MCSLab RTT AP3,e4:5e:1b:a0:5e:85,-62,6689,834,6054502262,true
11-2,2024-12-27 15:55:21.635,MCSLab RTT AP1,24:29:34:e2:4c:36,-69,5327,462,6054502262,true
11-2,2024-12-27 15:55:21.635,MCSLab RTT AP3,b0:e4:d5:88:16:86,-65,2742,1009,6054502262,true
11-2,2024-12-27 15:55:21.777,MCSLab RTT AP2,24:29:34:e1:ef:d4,-65,219,325,6054502408,true
11-2,2024-12-27 15:55:21.777,MCSLab RTT AP2,24:29:34:e1:ef:d4,-65,219,325,6054502408,true
11-2,2024-12-27 15:55:21.777,MCSLab RTT AP3,e4:5e:1b:a0:5e:85,-63,6601,783,6054502408,true
11-2,2024-12-27 15:55:21.777,MCSLab RTT AP2,24:29:34:e1:ef:d4,-65,219,325,6054502408,true
11-2,2024-12-27 15:55:21.777,MCSLab RTT AP3,e4:5e:1b:a0:5e:85,-63,6601,783,6054502408,true
11-2,2024-12-27 15:55:21.777,MCSLab RTT AP1,24:29:34:e2:4c:36,-69,5327,442,6054502408,true
11-2,2024-12-27 15:55:21.777,MCSLab RTT AP2,24:29:34:e1:ef:d4,-65,219,325,6054502408,true
11-2,2024-12-27 15:55:21.777,MCSLab RTT AP3,e4:5e:1b:a0:5e:85,-63,6601,783,6054502408,true
11-2,2024-12-27 15:55:21.777,MCSLab RTT AP1,24:29:34:e2:4c:36,-69,5327,442,6054502408,true
11-2,2024-12-27 15:55:21.777,MCSLab RTT AP3,b0:e4:d5:88:16:86,-63,2547,1182,6054502408,true
11-2,2024-12-27 15:55:21.923,MCSLab RTT AP2,24:29:34:e1:ef:d4,-66,571,188,6054502556,true
11-2,2024-12-27 15:55:21.923,MCSLab RTT AP2,24:29:34:e1:ef:d4,-66,571,188,6054502556,true
11-2,2024-12-27 15:55:21.923,MCSLab RTT AP3,e4:5e:1b:a0:5e:85,-60,6227,325,6054502555,true
11-2,2024-12-27 15:55:21.923,MCSLab RTT AP2,24:29:34:e1:ef:d4,-66,571,188,6054502556,true
11-2,2024-12-27 15:55:21.923,MCSLab RTT AP3,e4:5e:1b:a0:5e:85,-60,6227,325,6054502555,true
11-2,2024-12-27 15:55:21.923,MCSLab RTT AP1,24:29:34:e2:4c:36,-69,5327,526,6054502555,true
11-2,2024-12-27 15:55:21.923,MCSLab RTT AP2,24:29:34:e1:ef:d4,-66,571,188,6054502556,true
11-2,2024-12-27 15:55:21.923,MCSLab RTT AP3,e4:5e:1b:a0:5e:85,-60,6227,325,6054502555,true
11-2,2024-12-27 15:55:21.923,MCSLab RTT AP1,24:29:34:e2:4c:36,-69,5327,526,6054502555,true
11-2,2024-12-27 15:55:21.923,MCSLab RTT AP3,b0:e4:d5:88:16:86,-64,2508,1181,6054502555,true
11-2,2024-12-27 15:55:22.064,MCSLab RTT AP2,24:29:34:e1:ef:d4,-65,630,132,6054502696,true
11-2,2024-12-27 15:55:22.064,MCSLab RTT AP2,24:29:34:e1:ef:d4,-65,630,132,6054502696,true
11-2,2024-12-27 15:55:22.064,MCSLab RTT AP3,e4:5e:1b:a0:5e:85,-63,5713,484,6054502696,true
11-2,2024-12-27 15:55:22.064,MCSLab RTT AP2,24:29:34:e1:ef:d4,-65,630,132,6054502696,true
11-2,2024-12-27 15:55:22.064,MCSLab RTT AP3,e4:5e:1b:a0:5e:85,-63,5713,484,6054502696,true
11-2,2024-12-27 15:55:22.064,MCSLab RTT AP1,24:29:34:e2:4c:36,-70,5366,458,6054502696,true
11-2,2024-12-27 15:55:22.064,MCSLab RTT AP2,24:29:34:e1:ef:d4,-65,630,132,6054502696,true
11-2,2024-12-27 15:55:22.064,MCSLab RTT AP3,e4:5e:1b:a0:5e:85,-63,5713,484,6054502696,true
11-2,2024-12-27 15:55:22.064,MCSLab RTT AP1,24:29:34:e2:4c:36,-70,5366,458,6054502696,true
11-2,2024-12-27 15:55:22.064,MCSLab RTT AP3,b0:e4:d5:88:16:86,-59,2909,1061,6054502696,true
11-2,2024-12-27 15:55:22.198,MCSLab RTT AP2,24:29:34:e1:ef:d4,-65,483,132,6054502833,true
11-2,2024-12-27 15:55:22.198,MCSLab RTT AP2,24:29:34:e1:ef:d4,-65,483,132,6054502833,true
11-2,2024-12-27 15:55:22.198,MCSLab RTT AP3,e4:5e:1b:a0:5e:85,-61,6660,656,6054502833,true
11-2,2024-12-27 15:55:22.198,MCSLab RTT AP2,24:29:34:e1:ef:d4,-65,483,132,6054502833,true
11-2,2024-12-27 15:55:22.198,MCSLab RTT AP3,e4:5e:1b:a0:5e:85,-61,6660,656,6054502833,true
11-2,2024-12-27 15:55:22.198,MCSLab RTT AP1,24:29:34:e2:4c:36,-63,5327,471,6054502833,true
11-2,2024-12-27 15:55:22.198,MCSLab RTT AP2,24:29:34:e1:ef:d4,-65,483,132,6054502833,true
11-2,2024-12-27 15:55:22.198,MCSLab RTT AP3,e4:5e:1b:a0:5e:85,-61,6660,656,6054502833,true
11-2,2024-12-27 15:55:22.198,MCSLab RTT AP1,24:29:34:e2:4c:36,-63,5327,471,6054502833,true
11-2,2024-12-27 15:55:22.198,MCSLab RTT AP3,b0:e4:d5:88:16:86,-63,2547,1123,6054502833,true
11-2,2024-12-27 15:55:22.331,MCSLab RTT AP2,24:29:34:e1:ef:d4,-66,542,158,6054502967,true
11-2,2024-12-27 15:55:22.331,MCSLab RTT AP2,24:29:34:e1:ef:d4,-66,542,158,6054502967,true
11-2,2024-12-27 15:55:22.331,MCSLab RTT AP3,e4:5e:1b:a0:5e:85,-61,5596,547,6054502967,true
11-2,2024-12-27 15:55:22.331,MCSLab RTT AP2,24:29:34:e1:ef:d4,-66,542,158,6054502967,true
11-2,2024-12-27 15:55:22.331,MCSLab RTT AP3,e4:5e:1b:a0:5e:85,-61,5596,547,6054502967,true
11-2,2024-12-27 15:55:22.331,MCSLab RTT AP1,24:29:34:e2:4c:36,-69,5405,408,6054502967,true
11-2,2024-12-27 15:55:22.331,MCSLab RTT AP2,24:29:34:e1:ef:d4,-66,542,158,6054502967,true
11-2,2024-12-27 15:55:22.331,MCSLab RTT AP3,e4:5e:1b:a0:5e:85,-61,5596,547,6054502967,true
11-2,2024-12-27 15:55:22.331,MCSLab RTT AP1,24:29:34:e2:4c:36,-69,5405,408,6054502967,true
11-2,2024-12-27 15:55:22.331,MCSLab RTT AP3,b0:e4:d5:88:16:86,-64,2625,1123,6054502967,true
11-2,2024-12-27 15:55:22.457,MCSLab RTT AP2,24:29:34:e1:ef:d4,-65,747,238,6054503094,true
11-2,2024-12-27 15:55:22.457,MCSLab RTT AP2,24:29:34:e1:ef:d4,-65,747,238,6054503094,true
11-2,2024-12-27 15:55:22.457,MCSLab RTT AP3,e4:5e:1b:a0:5e:85,-61,6777,496,6054503094,true
11-2,2024-12-27 15:55:22.457,MCSLab RTT AP2,24:29:34:e1:ef:d4,-65,747,238,6054503094,true
11-2,2024-12-27 15:55:22.457,MCSLab RTT AP3,e4:5e:1b:a0:5e:85,-61,6777,496,6054503094,true
11-2,2024-12-27 15:55:22.457,MCSLab RTT AP1,24:29:34:e2:4c:36,-69,5171,441,6054503094,true
11-2,2024-12-27 15:55:22.457,MCSLab RTT AP2,24:29:34:e1:ef:d4,-65,747,238,6054503094,true
11-2,2024-12-27 15:55:22.457,MCSLab RTT AP3,e4:5e:1b:a0:5e:85,-61,6777,496,6054503094,true
11-2,2024-12-27 15:55:22.457,MCSLab RTT AP1,24:29:34:e2:4c:36,-69,5171,441,6054503094,true
11-2,2024-12-27 15:55:22.457,MCSLab RTT AP3,b0:e4:d5:88:16:86,-58,2547,1390,6054503094,true
11-2,2024-12-27 15:55:22.596,MCSLab RTT AP2,24:29:34:e1:ef:d4,-65,132,323,6054503229,true
11-2,2024-12-27 15:55:22.596,MCSLab RTT AP2,24:29:34:e1:ef:d4,-65,132,323,6054503229,true
11-2,2024-12-27 15:55:22.596,MCSLab RTT AP3,e4:5e:1b:a0:5e:85,-61,6182,304,6054503229,true
11-2,2024-12-27 15:55:22.596,MCSLab RTT AP2,24:29:34:e1:ef:d4,-65,132,323,6054503229,true
11-2,2024-12-27 15:55:22.596,MCSLab RTT AP3,e4:5e:1b:a0:5e:85,-61,6182,304,6054503229,true
11-2,2024-12-27 15:55:22.596,MCSLab RTT AP1,24:29:34:e2:4c:36,-69,5171,525,6054503229,true
11-2,2024-12-27 15:55:22.596,MCSLab RTT AP2,24:29:34:e1:ef:d4,-65,132,323,6054503229,true
11-2,2024-12-27 15:55:22.596,MCSLab RTT AP3,e4:5e:1b:a0:5e:85,-61,6182,304,6054503229,true
11-2,2024-12-27 15:55:22.596,MCSLab RTT AP1,24:29:34:e2:4c:36,-69,5171,525,6054503229,true
11-2,2024-12-27 15:55:22.596,MCSLab RTT AP3,b0:e4:d5:88:16:86,-65,2508,1149,6054503229,true
11-2,2024-12-27 15:55:22.743,MCSLab RTT AP2,24:29:34:e1:ef:d4,-65,425,121,6054503376,true
11-2,2024-12-27 15:55:22.743,MCSLab RTT AP2,24:29:34:e1:ef:d4,-65,425,121,6054503376,true
11-2,2024-12-27 15:55:22.743,MCSLab RTT AP3,e4:5e:1b:a0:5e:85,-62,5986,405,6054503376,true
11-2,2024-12-27 15:55:22.743,MCSLab RTT AP2,24:29:34:e1:ef:d4,-65,425,121,6054503376,true
11-2,2024-12-27 15:55:22.743,MCSLab RTT AP3,e4:5e:1b:a0:5e:85,-62,5986,405,6054503376,true
11-2,2024-12-27 15:55:22.743,MCSLab RTT AP1,24:29:34:e2:4c:36,-69,5366,546,6054503376,true
11-2,2024-12-27 15:55:22.743,MCSLab RTT AP2,24:29:34:e1:ef:d4,-65,425,121,6054503376,true
11-2,2024-12-27 15:55:22.743,MCSLab RTT AP3,e4:5e:1b:a0:5e:85,-62,5986,405,6054503376,true
11-2,2024-12-27 15:55:22.743,MCSLab RTT AP1,24:29:34:e2:4c:36,-69,5366,546,6054503376,true
11-2,2024-12-27 15:55:22.743,MCSLab RTT AP3,b0:e4:d5:88:16:86,-65,2352,1289,6054503376,true
11-2,2024-12-27 15:55:22.884,MCSLab RTT AP2,24:29:34:e1:ef:d4,-65,425,151,6054503517,true
11-2,2024-12-27 15:55:22.884,MCSLab RTT AP2,24:29:34:e1:ef:d4,-65,425,151,6054503517,true
11-2,2024-12-27 15:55:22.884,MCSLab RTT AP3,e4:5e:1b:a0:5e:85,-62,6338,259,6054503517,true
11-2,2024-12-27 15:55:22.884,MCSLab RTT AP2,24:29:34:e1:ef:d4,-65,425,151,6054503517,true
11-2,2024-12-27 15:55:22.884,MCSLab RTT AP3,e4:5e:1b:a0:5e:85,-62,6338,259,6054503517,true
11-2,2024-12-27 15:55:22.884,MCSLab RTT AP1,24:29:34:e2:4c:36,-69,5522,509,6054503517,true
11-2,2024-12-27 15:55:22.884,MCSLab RTT AP2,24:29:34:e1:ef:d4,-65,425,151,6054503517,true
11-2,2024-12-27 15:55:22.884,MCSLab RTT AP3,e4:5e:1b:a0:5e:85,-62,6338,259,6054503517,true
11-2,2024-12-27 15:55:22.884,MCSLab RTT AP1,24:29:34:e2:4c:36,-69,5522,509,6054503517,true
11-2,2024-12-27 15:55:22.884,MCSLab RTT AP3,b0:e4:d5:88:16:86,-57,2352,1532,6054503517,true
11-2,2024-12-27 15:55:23.028,MCSLab RTT AP2,24:29:34:e1:ef:d4,-65,425,164,6054503661,true
11-2,2024-12-27 15:55:23.028,MCSLab RTT AP2,24:29:34:e1:ef:d4,-65,425,164,6054503661,true
11-2,2024-12-27 15:55:23.028,MCSLab RTT AP3,e4:5e:1b:a0:5e:85,-62,6719,1818,6054503661,true
11-2,2024-12-27 15:55:23.028,MCSLab RTT AP2,24:29:34:e1:ef:d4,-65,425,164,6054503661,true
11-2,2024-12-27 15:55:23.028,MCSLab RTT AP3,e4:5e:1b:a0:5e:85,-62,6719,1818,6054503661,true
11-2,2024-12-27 15:55:23.028,MCSLab RTT AP1,24:29:34:e2:4c:36,-59,5044,1456,6054503661,true
11-2,2024-12-27 15:55:23.028,MCSLab RTT AP2,24:29:34:e1:ef:d4,-65,425,164,6054503661,true
11-2,2024-12-27 15:55:23.028,MCSLab RTT AP3,e4:5e:1b:a0:5e:85,-62,6719,1818,6054503661,true
11-2,2024-12-27 15:55:23.028,MCSLab RTT AP1,24:29:34:e2:4c:36,-59,5044,1456,6054503661,true
11-2,2024-12-27 15:55:23.028,MCSLab RTT AP3,b0:e4:d5:88:16:86,-65,2703,1140,6054503661,true
11-2,2024-12-27 15:55:23.175,MCSLab RTT AP2,24:29:34:e1:ef:d4,-64,249,261,6054503806,true
11-2,2024-12-27 15:55:23.175,MCSLab RTT AP2,24:29:34:e1:ef:d4,-64,249,261,6054503806,true
11-2,2024-12-27 15:55:23.175,MCSLab RTT AP3,e4:5e:1b:a0:5e:85,-62,6768,837,6054503806,true
11-2,2024-12-27 15:55:23.175,MCSLab RTT AP2,24:29:34:e1:ef:d4,-64,249,261,6054503806,true
11-2,2024-12-27 15:55:23.175,MCSLab RTT AP3,e4:5e:1b:a0:5e:85,-62,6768,837,6054503806,true
11-2,2024-12-27 15:55:23.175,MCSLab RTT AP1,24:29:34:e2:4c:36,-69,5600,428,6054503806,true
11-2,2024-12-27 15:55:23.175,MCSLab RTT AP2,24:29:34:e1:ef:d4,-64,249,261,6054503806,true
11-2,2024-12-27 15:55:23.175,MCSLab RTT AP3,e4:5e:1b:a0:5e:85,-62,6768,837,6054503806,true
11-2,2024-12-27 15:55:23.175,MCSLab RTT AP1,24:29:34:e2:4c:36,-69,5600,428,6054503806,true
11-2,2024-12-27 15:55:23.175,MCSLab RTT AP3,b0:e4:d5:88:16:86,-64,2743,1091,6054503806,true
11-2,2024-12-27 15:55:23.318,MCSLab RTT AP2,24:29:34:e1:ef:d4,-63,337,285,6054503950,true
11-2,2024-12-27 15:55:23.318,MCSLab RTT AP2,24:29:34:e1:ef:d4,-63,337,285,6054503950,true
11-2,2024-12-27 15:55:23.318,MCSLab RTT AP3,e4:5e:1b:a0:5e:85,-61,6777,655,6054503950,true
11-2,2024-12-27 15:55:23.318,MCSLab RTT AP2,24:29:34:e1:ef:d4,-63,337,285,6054503950,true
11-2,2024-12-27 15:55:23.318,MCSLab RTT AP3,e4:5e:1b:a0:5e:85,-61,6777,655,6054503950,true
11-2,2024-12-27 15:55:23.318,MCSLab RTT AP1,24:29:34:e2:4c:36,-69,5405,427,6054503950,true
11-2,2024-12-27 15:55:23.318,MCSLab RTT AP2,24:29:34:e1:ef:d4,-63,337,285,6054503950,true
11-2,2024-12-27 15:55:23.318,MCSLab RTT AP3,e4:5e:1b:a0:5e:85,-61,6777,655,6054503950,true
11-2,2024-12-27 15:55:23.318,MCSLab RTT AP1,24:29:34:e2:4c:36,-69,5405,427,6054503950,true
11-2,2024-12-27 15:55:23.318,MCSLab RTT AP3,b0:e4:d5:88:16:86,-59,2586,1587,6054503950,true
11-2,2024-12-27 15:55:23.458,MCSLab RTT AP2,24:29:34:e1:ef:d4,-63,425,263,6054504092,true
11-2,2024-12-27 15:55:23.458,MCSLab RTT AP2,24:29:34:e1:ef:d4,-63,425,263,6054504092,true
11-2,2024-12-27 15:55:23.458,MCSLab RTT AP3,e4:5e:1b:a0:5e:85,-62,6895,627,6054504092,true
11-2,2024-12-27 15:55:23.458,MCSLab RTT AP2,24:29:34:e1:ef:d4,-63,425,263,6054504092,true
11-2,2024-12-27 15:55:23.458,MCSLab RTT AP3,e4:5e:1b:a0:5e:85,-62,6895,627,6054504092,true
11-2,2024-12-27 15:55:23.458,MCSLab RTT AP1,24:29:34:e2:4c:36,-68,5522,406,6054504092,true
11-2,2024-12-27 15:55:23.458,MCSLab RTT AP2,24:29:34:e1:ef:d4,-63,425,263,6054504092,true
11-2,2024-12-27 15:55:23.458,MCSLab RTT AP3,e4:5e:1b:a0:5e:85,-62,6895,627,6054504092,true
11-2,2024-12-27 15:55:23.458,MCSLab RTT AP1,24:29:34:e2:4c:36,-68,5522,406,6054504092,true
11-2,2024-12-27 15:55:23.458,MCSLab RTT AP3,b0:e4:d5:88:16:86,-64,2469,1140,6054504092,true
11-2,2024-12-27 15:55:23.601,MCSLab RTT AP2,24:29:34:e1:ef:d4,-63,278,408,6054504233,true
11-2,2024-12-27 15:55:23.601,MCSLab RTT AP2,24:29:34:e1:ef:d4,-63,278,408,6054504233,true
11-2,2024-12-27 15:55:23.601,MCSLab RTT AP3,e4:5e:1b:a0:5e:85,-61,6982,638,6054504233,true
11-2,2024-12-27 15:55:23.601,MCSLab RTT AP2,24:29:34:e1:ef:d4,-63,278,408,6054504233,true
11-2,2024-12-27 15:55:23.601,MCSLab RTT AP3,e4:5e:1b:a0:5e:85,-61,6982,638,6054504233,true
11-2,2024-12-27 15:55:23.601,MCSLab RTT AP1,24:29:34:e2:4c:36,-69,5288,523,6054504233,true
11-2,2024-12-27 15:55:23.601,MCSLab RTT AP2,24:29:34:e1:ef:d4,-63,278,408,6054504233,true
11-2,2024-12-27 15:55:23.601,MCSLab RTT AP3,e4:5e:1b:a0:5e:85,-61,6982,638,6054504233,true
11-2,2024-12-27 15:55:23.601,MCSLab RTT AP1,24:29:34:e2:4c:36,-69,5288,523,6054504233,true
11-2,2024-12-27 15:55:23.601,MCSLab RTT AP3,b0:e4:d5:88:16:86,-59,2508,1209,6054504233,true
11-2,2024-12-27 15:55:23.744,MCSLab RTT AP2,24:29:34:e1:ef:d4,-64,454,304,6054504377,true
11-2,2024-12-27 15:55:23.744,MCSLab RTT AP2,24:29:34:e1:ef:d4,-64,454,304,6054504377,true
11-2,2024-12-27 15:55:23.744,MCSLab RTT AP3,e4:5e:1b:a0:5e:85,-60,6836,607,6054504377,true
11-2,2024-12-27 15:55:23.744,MCSLab RTT AP2,24:29:34:e1:ef:d4,-64,454,304,6054504377,true
11-2,2024-12-27 15:55:23.744,MCSLab RTT AP3,e4:5e:1b:a0:5e:85,-60,6836,607,6054504377,true
11-2,2024-12-27 15:55:23.744,MCSLab RTT AP1,24:29:34:e2:4c:36,-63,5361,1018,6054504377,true
11-2,2024-12-27 15:55:23.744,MCSLab RTT AP2,24:29:34:e1:ef:d4,-64,454,304,6054504377,true
11-2,2024-12-27 15:55:23.744,MCSLab RTT AP3,e4:5e:1b:a0:5e:85,-60,6836,607,6054504377,true
11-2,2024-12-27 15:55:23.744,MCSLab RTT AP1,24:29:34:e2:4c:36,-63,5361,1018,6054504377,true
11-2,2024-12-27 15:55:23.744,MCSLab RTT AP3,b0:e4:d5:88:16:86,-64,2508,1147,6054504377,true
11-2,2024-12-27 15:55:23.890,MCSLab RTT AP2,24:29:34:e1:ef:d4,-63,278,261,6054504522,true
11-2,2024-12-27 15:55:23.890,MCSLab RTT AP2,24:29:34:e1:ef:d4,-63,278,261,6054504522,true
11-2,2024-12-27 15:55:23.890,MCSLab RTT AP3,e4:5e:1b:a0:5e:85,-61,6894,628,6054504522,true
11-2,2024-12-27 15:55:23.890,MCSLab RTT AP2,24:29:34:e1:ef:d4,-63,278,261,6054504522,true
11-2,2024-12-27 15:55:23.890,MCSLab RTT AP3,e4:5e:1b:a0:5e:85,-61,6894,628,6054504522,true
11-2,2024-12-27 15:55:23.890,MCSLab RTT AP1,24:29:34:e2:4c:36,-69,5522,422,6054504522,true
11-2,2024-12-27 15:55:23.890,MCSLab RTT AP2,24:29:34:e1:ef:d4,-63,278,261,6054504522,true
11-2,2024-12-27 15:55:23.890,MCSLab RTT AP3,e4:5e:1b:a0:5e:85,-61,6894,628,6054504522,true
11-2,2024-12-27 15:55:23.890,MCSLab RTT AP1,24:29:34:e2:4c:36,-69,5522,422,6054504522,true
11-2,2024-12-27 15:55:23.890,MCSLab RTT AP3,b0:e4:d5:88:16:86,-64,2586,1110,6054504521,true
11-2,2024-12-27 15:55:24.037,MCSLab RTT AP2,24:29:34:e1:ef:d4,-63,395,229,6054504670,true
11-2,2024-12-27 15:55:24.037,MCSLab RTT AP2,24:29:34:e1:ef:d4,-63,395,229,6054504670,true
11-2,2024-12-27 15:55:24.037,MCSLab RTT AP3,e4:5e:1b:a0:5e:85,-61,6807,639,6054504669,true
11-2,2024-12-27 15:55:24.037,MCSLab RTT AP2,24:29:34:e1:ef:d4,-63,395,229,6054504670,true
11-2,2024-12-27 15:55:24.037,MCSLab RTT AP3,e4:5e:1b:a0:5e:85,-61,6807,639,6054504669,true
11-2,2024-12-27 15:55:24.037,MCSLab RTT AP1,24:29:34:e2:4c:36,-69,5327,539,6054504670,true
11-2,2024-12-27 15:55:24.037,MCSLab RTT AP2,24:29:34:e1:ef:d4,-63,395,229,6054504670,true
11-2,2024-12-27 15:55:24.037,MCSLab RTT AP3,e4:5e:1b:a0:5e:85,-61,6807,639,6054504669,true
11-2,2024-12-27 15:55:24.037,MCSLab RTT AP1,24:29:34:e2:4c:36,-69,5327,539,6054504670,true
11-2,2024-12-27 15:55:24.037,MCSLab RTT AP3,b0:e4:d5:88:16:86,-63,2547,1120,6054504669,true
11-2,2024-12-27 15:55:24.180,MCSLab RTT AP2,24:29:34:e1:ef:d4,-63,454,249,6054504814,true
11-2,2024-12-27 15:55:24.180,MCSLab RTT AP2,24:29:34:e1:ef:d4,-63,454,249,6054504814,true
11-2,2024-12-27 15:55:24.180,MCSLab RTT AP3,e4:5e:1b:a0:5e:85,-58,6372,979,6054504814,true
11-2,2024-12-27 15:55:24.180,MCSLab RTT AP2,24:29:34:e1:ef:d4,-63,454,249,6054504814,true
11-2,2024-12-27 15:55:24.180,MCSLab RTT AP3,e4:5e:1b:a0:5e:85,-58,6372,979,6054504814,true
11-2,2024-12-27 15:55:24.180,MCSLab RTT AP1,24:29:34:e2:4c:36,-69,5444,552,6054504814,true
11-2,2024-12-27 15:55:24.180,MCSLab RTT AP2,24:29:34:e1:ef:d4,-63,454,249,6054504814,true
11-2,2024-12-27 15:55:24.180,MCSLab RTT AP3,e4:5e:1b:a0:5e:85,-58,6372,979,6054504814,true
11-2,2024-12-27 15:55:24.180,MCSLab RTT AP1,24:29:34:e2:4c:36,-69,5444,552,6054504814,true
11-2,2024-12-27 15:55:24.180,MCSLab RTT AP3,b0:e4:d5:88:16:86,-64,2508,1234,6054504814,true
11-2,2024-12-27 15:55:24.322,MCSLab RTT AP2,24:29:34:e1:ef:d4,-63,454,158,6054504956,true
11-2,2024-12-27 15:55:24.322,MCSLab RTT AP2,24:29:34:e1:ef:d4,-63,454,158,6054504956,true
11-2,2024-12-27 15:55:24.322,MCSLab RTT AP3,e4:5e:1b:a0:5e:85,-61,6836,648,6054504956,true
11-2,2024-12-27 15:55:24.322,MCSLab RTT AP2,24:29:34:e1:ef:d4,-63,454,158,6054504956,true
11-2,2024-12-27 15:55:24.322,MCSLab RTT AP3,e4:5e:1b:a0:5e:85,-61,6836,648,6054504956,true
11-2,2024-12-27 15:55:24.322,MCSLab RTT AP1,24:29:34:e2:4c:36,-69,5444,419,6054504956,true
11-2,2024-12-27 15:55:24.322,MCSLab RTT AP2,24:29:34:e1:ef:d4,-63,454,158,6054504956,true
11-2,2024-12-27 15:55:24.322,MCSLab RTT AP3,e4:5e:1b:a0:5e:85,-61,6836,648,6054504956,true
11-2,2024-12-27 15:55:24.322,MCSLab RTT AP1,24:29:34:e2:4c:36,-69,5444,419,6054504956,true
11-2,2024-12-27 15:55:24.322,MCSLab RTT AP3,b0:e4:d5:88:16:86,-62,2391,1330,6054504956,true
11-2,2024-12-27 15:55:24.465,MCSLab RTT AP2,24:29:34:e1:ef:d4,-63,542,286,6054505097,true
11-2,2024-12-27 15:55:24.465,MCSLab RTT AP2,24:29:34:e1:ef:d4,-63,542,286,6054505097,true
11-2,2024-12-27 15:55:24.465,MCSLab RTT AP3,e4:5e:1b:a0:5e:85,-61,6836,484,6054505097,true
11-2,2024-12-27 15:55:24.465,MCSLab RTT AP2,24:29:34:e1:ef:d4,-63,542,286,6054505097,true
11-2,2024-12-27 15:55:24.465,MCSLab RTT AP3,e4:5e:1b:a0:5e:85,-61,6836,484,6054505097,true
11-2,2024-12-27 15:55:24.465,MCSLab RTT AP1,24:29:34:e2:4c:36,-69,5327,548,6054505097,true
11-2,2024-12-27 15:55:24.465,MCSLab RTT AP2,24:29:34:e1:ef:d4,-63,542,286,6054505097,true
11-2,2024-12-27 15:55:24.465,MCSLab RTT AP3,e4:5e:1b:a0:5e:85,-61,6836,484,6054505097,true
11-2,2024-12-27 15:55:24.465,MCSLab RTT AP1,24:29:34:e2:4c:36,-69,5327,548,6054505097,true
11-2,2024-12-27 15:55:24.465,MCSLab RTT AP3,b0:e4:d5:88:16:86,-64,2508,1175,6054505097,true
11-2,2024-12-27 15:55:24.612,MCSLab RTT AP2,24:29:34:e1:ef:d4,-63,424,234,6054505244,true
11-2,2024-12-27 15:55:24.612,MCSLab RTT AP2,24:29:34:e1:ef:d4,-63,424,234,6054505244,true
11-2,2024-12-27 15:55:24.612,MCSLab RTT AP3,e4:5e:1b:a0:5e:85,-59,6640,685,6054505244,true
11-2,2024-12-27 15:55:24.612,MCSLab RTT AP2,24:29:34:e1:ef:d4,-63,424,234,6054505244,true
11-2,2024-12-27 15:55:24.612,MCSLab RTT AP3,e4:5e:1b:a0:5e:85,-59,6640,685,6054505244,true
11-2,2024-12-27 15:55:24.612,MCSLab RTT AP1,24:29:34:e2:4c:36,-69,5600,448,6054505244,true
11-2,2024-12-27 15:55:24.612,MCSLab RTT AP2,24:29:34:e1:ef:d4,-63,424,234,6054505244,true
11-2,2024-12-27 15:55:24.612,MCSLab RTT AP3,e4:5e:1b:a0:5e:85,-59,6640,685,6054505244,true
11-2,2024-12-27 15:55:24.612,MCSLab RTT AP1,24:29:34:e2:4c:36,-69,5600,448,6054505244,true
11-2,2024-12-27 15:55:24.612,MCSLab RTT AP3,b0:e4:d5:88:16:86,-65,2391,1207,6054505244,true
11-2,2024-12-27 15:55:24.755,MCSLab RTT AP2,24:29:34:e1:ef:d4,-63,337,375,6054505387,true
11-2,2024-12-27 15:55:24.755,MCSLab RTT AP2,24:29:34:e1:ef:d4,-63,337,375,6054505387,true
11-2,2024-12-27 15:55:24.755,MCSLab RTT AP3,e4:5e:1b:a0:5e:85,-61,6894,519,6054505387,true
11-2,2024-12-27 15:55:24.755,MCSLab RTT AP2,24:29:34:e1:ef:d4,-63,337,375,6054505387,true
11-2,2024-12-27 15:55:24.755,MCSLab RTT AP3,e4:5e:1b:a0:5e:85,-61,6894,519,6054505387,true
11-2,2024-12-27 15:55:24.755,MCSLab RTT AP1,24:29:34:e2:4c:36,-69,5444,591,6054505387,true
11-2,2024-12-27 15:55:24.755,MCSLab RTT AP2,24:29:34:e1:ef:d4,-63,337,375,6054505387,true
11-2,2024-12-27 15:55:24.755,MCSLab RTT AP3,e4:5e:1b:a0:5e:85,-61,6894,519,6054505387,true
11-2,2024-12-27 15:55:24.755,MCSLab RTT AP1,24:29:34:e2:4c:36,-69,5444,591,6054505387,true
11-2,2024-12-27 15:55:24.755,MCSLab RTT AP3,b0:e4:d5:88:16:86,-64,2547,1159,6054505387,true
11-2,2024-12-27 15:55:24.900,MCSLab RTT AP2,24:29:34:e1:ef:d4,-63,454,414,6054505533,true
11-2,2024-12-27 15:55:24.900,MCSLab RTT AP2,24:29:34:e1:ef:d4,-63,454,414,6054505533,true
11-2,2024-12-27 15:55:24.900,MCSLab RTT AP3,e4:5e:1b:a0:5e:85,-60,6836,620,6054505533,true
11-2,2024-12-27 15:55:24.900,MCSLab RTT AP2,24:29:34:e1:ef:d4,-63,454,414,6054505533,true
11-2,2024-12-27 15:55:24.900,MCSLab RTT AP3,e4:5e:1b:a0:5e:85,-60,6836,620,6054505533,true
11-2,2024-12-27 15:55:24.900,MCSLab RTT AP1,24:29:34:e2:4c:36,-69,5483,501,6054505533,true
11-2,2024-12-27 15:55:24.900,MCSLab RTT AP2,24:29:34:e1:ef:d4,-63,454,414,6054505533,true
11-2,2024-12-27 15:55:24.900,MCSLab RTT AP3,e4:5e:1b:a0:5e:85,-60,6836,620,6054505533,true
11-2,2024-12-27 15:55:24.900,MCSLab RTT AP1,24:29:34:e2:4c:36,-69,5483,501,6054505533,true
11-2,2024-12-27 15:55:24.900,MCSLab RTT AP3,b0:e4:d5:88:16:86,-65,2586,1111,6054505533,true
11-2,2024-12-27 15:55:25.045,MCSLab RTT AP2,24:29:34:e1:ef:d4,-63,512,290,6054505678,true
11-2,2024-12-27 15:55:25.045,MCSLab RTT AP2,24:29:34:e1:ef:d4,-63,512,290,6054505678,true
11-2,2024-12-27 15:55:25.045,MCSLab RTT AP3,e4:5e:1b:a0:5e:85,-61,6865,525,6054505678,true
11-2,2024-12-27 15:55:25.045,MCSLab RTT AP2,24:29:34:e1:ef:d4,-63,512,290,6054505678,true
11-2,2024-12-27 15:55:25.045,MCSLab RTT AP3,e4:5e:1b:a0:5e:85,-61,6865,525,6054505678,true
11-2,2024-12-27 15:55:25.045,MCSLab RTT AP1,24:29:34:e2:4c:36,-68,5288,502,6054505678,true
11-2,2024-12-27 15:55:25.045,MCSLab RTT AP2,24:29:34:e1:ef:d4,-63,512,290,6054505678,true
11-2,2024-12-27 15:55:25.045,MCSLab RTT AP3,e4:5e:1b:a0:5e:85,-61,6865,525,6054505678,true
11-2,2024-12-27 15:55:25.045,MCSLab RTT AP1,24:29:34:e2:4c:36,-68,5288,502,6054505678,true
11-2,2024-12-27 15:55:25.045,MCSLab RTT AP3,b0:e4:d5:88:16:86,-63,2082,1402,6054505678,true
11-2,2024-12-27 15:55:25.202,MCSLab RTT AP2,24:29:34:e1:ef:d4,-63,366,192,6054505825,true
11-2,2024-12-27 15:55:25.202,MCSLab RTT AP2,24:29:34:e1:ef:d4,-63,366,192,6054505825,true
11-2,2024-12-27 15:55:25.202,MCSLab RTT AP3,e4:5e:1b:a0:5e:85,-56,6519,798,6054505825,true
11-2,2024-12-27 15:55:25.202,MCSLab RTT AP2,24:29:34:e1:ef:d4,-63,366,192,6054505825,true
11-2,2024-12-27 15:55:25.202,MCSLab RTT AP3,e4:5e:1b:a0:5e:85,-56,6519,798,6054505825,true
11-2,2024-12-27 15:55:25.202,MCSLab RTT AP1,24:29:34:e2:4c:36,-69,5171,625,6054505825,true
11-2,2024-12-27 15:55:25.202,MCSLab RTT AP2,24:29:34:e1:ef:d4,-63,366,192,6054505825,true
11-2,2024-12-27 15:55:25.202,MCSLab RTT AP3,e4:5e:1b:a0:5e:85,-56,6519,798,6054505825,true
11-2,2024-12-27 15:55:25.202,MCSLab RTT AP1,24:29:34:e2:4c:36,-69,5171,625,6054505825,true
11-2,2024-12-27 15:55:25.202,MCSLab RTT AP3,b0:e4:d5:88:16:86,-65,2391,1224,6054505825,true
11-2,2024-12-27 15:55:25.336,MCSLab RTT AP2,24:29:34:e1:ef:d4,-63,630,146,6054505969,true
11-2,2024-12-27 15:55:25.336,MCSLab RTT AP2,24:29:34:e1:ef:d4,-63,630,146,6054505969,true
11-2,2024-12-27 15:55:25.336,MCSLab RTT AP3,e4:5e:1b:a0:5e:85,-60,6894,577,6054505969,true
11-2,2024-12-27 15:55:25.336,MCSLab RTT AP2,24:29:34:e1:ef:d4,-63,630,146,6054505969,true
11-2,2024-12-27 15:55:25.336,MCSLab RTT AP3,e4:5e:1b:a0:5e:85,-60,6894,577,6054505969,true
11-2,2024-12-27 15:55:25.336,MCSLab RTT AP1,24:29:34:e2:4c:36,-68,5171,682,6054505969,true
11-2,2024-12-27 15:55:25.336,MCSLab RTT AP2,24:29:34:e1:ef:d4,-63,630,146,6054505969,true
11-2,2024-12-27 15:55:25.336,MCSLab RTT AP3,e4:5e:1b:a0:5e:85,-60,6894,577,6054505969,true
11-2,2024-12-27 15:55:25.336,MCSLab RTT AP1,24:29:34:e2:4c:36,-68,5171,682,6054505969,true
11-2,2024-12-27 15:55:25.336,MCSLab RTT AP3,b0:e4:d5:88:16:86,-65,2625,1105,6054505969,true
11-2,2024-12-27 15:55:25.481,MCSLab RTT AP2,24:29:34:e1:ef:d4,-63,337,385,6054506113,true
11-2,2024-12-27 15:55:25.481,MCSLab RTT AP2,24:29:34:e1:ef:d4,-63,337,385,6054506113,true
11-2,2024-12-27 15:55:25.481,MCSLab RTT AP3,e4:5e:1b:a0:5e:85,-60,6865,543,6054506113,true
11-2,2024-12-27 15:55:25.481,MCSLab RTT AP2,24:29:34:e1:ef:d4,-63,337,385,6054506113,true
11-2,2024-12-27 15:55:25.481,MCSLab RTT AP3,e4:5e:1b:a0:5e:85,-60,6865,543,6054506113,true
11-2,2024-12-27 15:55:25.481,MCSLab RTT AP1,24:29:34:e2:4c:36,-59,5444,1096,6054506113,true
11-2,2024-12-27 15:55:25.481,MCSLab RTT AP2,24:29:34:e1:ef:d4,-63,337,385,6054506113,true
11-2,2024-12-27 15:55:25.481,MCSLab RTT AP3,e4:5e:1b:a0:5e:85,-60,6865,543,6054506113,true
11-2,2024-12-27 15:55:25.481,MCSLab RTT AP1,24:29:34:e2:4c:36,-59,5444,1096,6054506113,true
11-2,2024-12-27 15:55:25.481,MCSLab RTT AP3,b0:e4:d5:88:16:86,-65,2547,1123,6054506113,true
11-2,2024-12-27 15:55:25.626,MCSLab RTT AP2,24:29:34:e1:ef:d4,-64,513,131,6054506259,true
11-2,2024-12-27 15:55:25.626,MCSLab RTT AP2,24:29:34:e1:ef:d4,-64,513,131,6054506259,true
11-2,2024-12-27 15:55:25.626,MCSLab RTT AP3,e4:5e:1b:a0:5e:85,-62,6807,691,6054506259,true
11-2,2024-12-27 15:55:25.626,MCSLab RTT AP2,24:29:34:e1:ef:d4,-64,513,131,6054506259,true
11-2,2024-12-27 15:55:25.626,MCSLab RTT AP3,e4:5e:1b:a0:5e:85,-62,6807,691,6054506259,true
11-2,2024-12-27 15:55:25.626,MCSLab RTT AP1,24:29:34:e2:4c:36,-68,5171,495,6054506259,true
11-2,2024-12-27 15:55:25.626,MCSLab RTT AP2,24:29:34:e1:ef:d4,-64,513,131,6054506259,true
11-2,2024-12-27 15:55:25.626,MCSLab RTT AP3,e4:5e:1b:a0:5e:85,-62,6807,691,6054506259,true
11-2,2024-12-27 15:55:25.626,MCSLab RTT AP1,24:29:34:e2:4c:36,-68,5171,495,6054506259,true
11-2,2024-12-27 15:55:25.626,MCSLab RTT AP3,b0:e4:d5:88:16:86,-65,2547,1142,6054506259,true
11-2,2024-12-27 15:55:25.767,MCSLab RTT AP2,24:29:34:e1:ef:d4,-64,337,158,6054506400,true
11-2,2024-12-27 15:55:25.767,MCSLab RTT AP2,24:29:34:e1:ef:d4,-64,337,158,6054506400,true
11-2,2024-12-27 15:55:25.767,MCSLab RTT AP3,e4:5e:1b:a0:5e:85,-61,6865,563,6054506400,true
11-2,2024-12-27 15:55:25.767,MCSLab RTT AP2,24:29:34:e1:ef:d4,-64,337,158,6054506400,true
11-2,2024-12-27 15:55:25.767,MCSLab RTT AP3,e4:5e:1b:a0:5e:85,-61,6865,563,6054506400,true
11-2,2024-12-27 15:55:25.767,MCSLab RTT AP1,24:29:34:e2:4c:36,-68,5483,477,6054506400,true
11-2,2024-12-27 15:55:25.767,MCSLab RTT AP2,24:29:34:e1:ef:d4,-64,337,158,6054506400,true
11-2,2024-12-27 15:55:25.767,MCSLab RTT AP3,e4:5e:1b:a0:5e:85,-61,6865,563,6054506400,true
11-2,2024-12-27 15:55:25.767,MCSLab RTT AP1,24:29:34:e2:4c:36,-68,5483,477,6054506400,true
11-2,2024-12-27 15:55:25.767,MCSLab RTT AP3,b0:e4:d5:88:16:86,-59,2567,1106,6054506400,true
11-2,2024-12-27 15:55:25.914,MCSLab RTT AP2,24:29:34:e1:ef:d4,-66,571,149,6054506546,true
11-2,2024-12-27 15:55:25.914,MCSLab RTT AP2,24:29:34:e1:ef:d4,-66,571,149,6054506546,true
11-2,2024-12-27 15:55:25.914,MCSLab RTT AP3,e4:5e:1b:a0:5e:85,-61,6182,396,6054506546,true
11-2,2024-12-27 15:55:25.914,MCSLab RTT AP2,24:29:34:e1:ef:d4,-66,571,149,6054506546,true
11-2,2024-12-27 15:55:25.914,MCSLab RTT AP3,e4:5e:1b:a0:5e:85,-61,6182,396,6054506546,true
11-2,2024-12-27 15:55:25.914,MCSLab RTT AP1,24:29:34:e2:4c:36,-68,5522,355,6054506546,true
11-2,2024-12-27 15:55:25.914,MCSLab RTT AP2,24:29:34:e1:ef:d4,-66,571,149,6054506546,true
11-2,2024-12-27 15:55:25.914,MCSLab RTT AP3,e4:5e:1b:a0:5e:85,-61,6182,396,6054506546,true
11-2,2024-12-27 15:55:25.914,MCSLab RTT AP1,24:29:34:e2:4c:36,-68,5522,355,6054506546,true
11-2,2024-12-27 15:55:25.914,MCSLab RTT AP3,b0:e4:d5:88:16:86,-64,2469,1184,6054506546,true
11-2,2024-12-27 15:55:26.054,MCSLab RTT AP2,24:29:34:e1:ef:d4,-66,425,97,6054506687,true
11-2,2024-12-27 15:55:26.054,MCSLab RTT AP2,24:29:34:e1:ef:d4,-66,425,97,6054506687,true
11-2,2024-12-27 15:55:26.054,MCSLab RTT AP3,e4:5e:1b:a0:5e:85,-61,5713,606,6054506687,true
11-2,2024-12-27 15:55:26.054,MCSLab RTT AP2,24:29:34:e1:ef:d4,-66,425,97,6054506687,true
11-2,2024-12-27 15:55:26.054,MCSLab RTT AP3,e4:5e:1b:a0:5e:85,-61,5713,606,6054506687,true
11-2,2024-12-27 15:55:26.054,MCSLab RTT AP1,24:29:34:e2:4c:36,-68,5444,330,6054506687,true
11-2,2024-12-27 15:55:26.054,MCSLab RTT AP2,24:29:34:e1:ef:d4,-66,425,97,6054506687,true
11-2,2024-12-27 15:55:26.054,MCSLab RTT AP3,e4:5e:1b:a0:5e:85,-61,5713,606,6054506687,true
11-2,2024-12-27 15:55:26.054,MCSLab RTT AP1,24:29:34:e2:4c:36,-68,5444,330,6054506687,true
11-2,2024-12-27 15:55:26.054,MCSLab RTT AP3,b0:e4:d5:88:16:86,-62,2394,1265,6054506687,true
11-2,2024-12-27 15:55:26.207,MCSLab RTT AP2,24:29:34:e1:ef:d4,-66,425,401,6054506830,true
11-2,2024-12-27 15:55:26.207,MCSLab RTT AP2,24:29:34:e1:ef:d4,-66,425,401,6054506830,true
11-2,2024-12-27 15:55:26.207,MCSLab RTT AP3,e4:5e:1b:a0:5e:85,-61,6064,452,6054506829,true
11-2,2024-12-27 15:55:26.207,MCSLab RTT AP2,24:29:34:e1:ef:d4,-66,425,401,6054506830,true
11-2,2024-12-27 15:55:26.207,MCSLab RTT AP3,e4:5e:1b:a0:5e:85,-61,6064,452,6054506829,true
11-2,2024-12-27 15:55:26.207,MCSLab RTT AP1,24:29:34:e2:4c:36,-62,5288,452,6054506829,true
11-2,2024-12-27 15:55:26.207,MCSLab RTT AP2,24:29:34:e1:ef:d4,-66,425,401,6054506830,true
11-2,2024-12-27 15:55:26.207,MCSLab RTT AP3,e4:5e:1b:a0:5e:85,-61,6064,452,6054506829,true
11-2,2024-12-27 15:55:26.207,MCSLab RTT AP1,24:29:34:e2:4c:36,-62,5288,452,6054506829,true
11-2,2024-12-27 15:55:26.207,MCSLab RTT AP3,b0:e4:d5:88:16:86,-65,2508,1119,6054506829,true
11-2,2024-12-27 15:55:26.341,MCSLab RTT AP2,24:29:34:e1:ef:d4,-65,571,563,6054506973,true
11-2,2024-12-27 15:55:26.341,MCSLab RTT AP2,24:29:34:e1:ef:d4,-65,571,563,6054506973,true
11-2,2024-12-27 15:55:26.341,MCSLab RTT AP3,e4:5e:1b:a0:5e:85,-61,5869,541,6054506972,true
11-2,2024-12-27 15:55:26.341,MCSLab RTT AP2,24:29:34:e1:ef:d4,-65,571,563,6054506973,true
11-2,2024-12-27 15:55:26.341,MCSLab RTT AP3,e4:5e:1b:a0:5e:85,-61,5869,541,6054506972,true
11-2,2024-12-27 15:55:26.341,MCSLab RTT AP1,24:29:34:e2:4c:36,-69,5405,422,6054506972,true
11-2,2024-12-27 15:55:26.341,MCSLab RTT AP2,24:29:34:e1:ef:d4,-65,571,563,6054506973,true
11-2,2024-12-27 15:55:26.341,MCSLab RTT AP3,e4:5e:1b:a0:5e:85,-61,5869,541,6054506972,true
11-2,2024-12-27 15:55:26.341,MCSLab RTT AP1,24:29:34:e2:4c:36,-69,5405,422,6054506972,true
11-2,2024-12-27 15:55:26.341,MCSLab RTT AP3,b0:e4:d5:88:16:86,-64,2469,1254,6054506972,true
11-2,2024-12-27 15:55:26.479,MCSLab RTT AP2,24:29:34:e1:ef:d4,-64,483,393,6054507113,true
11-2,2024-12-27 15:55:26.479,MCSLab RTT AP2,24:29:34:e1:ef:d4,-64,483,393,6054507113,true
11-2,2024-12-27 15:55:26.479,MCSLab RTT AP3,e4:5e:1b:a0:5e:85,-61,6338,343,6054507113,true
11-2,2024-12-27 15:55:26.479,MCSLab RTT AP2,24:29:34:e1:ef:d4,-64,483,393,6054507113,true
11-2,2024-12-27 15:55:26.479,MCSLab RTT AP3,e4:5e:1b:a0:5e:85,-61,6338,343,6054507113,true
11-2,2024-12-27 15:55:26.479,MCSLab RTT AP1,24:29:34:e2:4c:36,-69,5444,411,6054507113,true
11-2,2024-12-27 15:55:26.479,MCSLab RTT AP2,24:29:34:e1:ef:d4,-64,483,393,6054507113,true
11-2,2024-12-27 15:55:26.479,MCSLab RTT AP3,e4:5e:1b:a0:5e:85,-61,6338,343,6054507113,true
11-2,2024-12-27 15:55:26.479,MCSLab RTT AP1,24:29:34:e2:4c:36,-69,5444,411,6054507113,true
11-2,2024-12-27 15:55:26.479,MCSLab RTT AP3,b0:e4:d5:88:16:86,-60,2547,1397,6054507113,true
11-2,2024-12-27 15:55:26.624,MCSLab RTT AP2,24:29:34:e1:ef:d4,-65,366,504,6054507257,true
11-2,2024-12-27 15:55:26.624,MCSLab RTT AP2,24:29:34:e1:ef:d4,-65,366,504,6054507257,true
11-2,2024-12-27 15:55:26.624,MCSLab RTT AP3,e4:5e:1b:a0:5e:85,-60,6611,771,6054507257,true
11-2,2024-12-27 15:55:26.624,MCSLab RTT AP2,24:29:34:e1:ef:d4,-65,366,504,6054507257,true
11-2,2024-12-27 15:55:26.624,MCSLab RTT AP3,e4:5e:1b:a0:5e:85,-60,6611,771,6054507257,true
11-2,2024-12-27 15:55:26.624,MCSLab RTT AP1,24:29:34:e2:4c:36,-69,5327,482,6054507257,true
11-2,2024-12-27 15:55:26.624,MCSLab RTT AP2,24:29:34:e1:ef:d4,-65,366,504,6054507257,true
11-2,2024-12-27 15:55:26.624,MCSLab RTT AP3,e4:5e:1b:a0:5e:85,-60,6611,771,6054507257,true
11-2,2024-12-27 15:55:26.624,MCSLab RTT AP1,24:29:34:e2:4c:36,-69,5327,482,6054507257,true
11-2,2024-12-27 15:55:26.624,MCSLab RTT AP3,b0:e4:d5:88:16:86,-64,2469,1284,6054507256,true
11-2,2024-12-27 15:55:26.767,MCSLab RTT AP2,24:29:34:e1:ef:d4,-64,366,431,6054507402,true
11-2,2024-12-27 15:55:26.767,MCSLab RTT AP2,24:29:34:e1:ef:d4,-64,366,431,6054507402,true
11-2,2024-12-27 15:55:26.767,MCSLab RTT AP3,e4:5e:1b:a0:5e:85,-56,6108,1058,6054507402,true
11-2,2024-12-27 15:55:26.767,MCSLab RTT AP2,24:29:34:e1:ef:d4,-64,366,431,6054507402,true
11-2,2024-12-27 15:55:26.767,MCSLab RTT AP3,e4:5e:1b:a0:5e:85,-56,6108,1058,6054507402,true
11-2,2024-12-27 15:55:26.767,MCSLab RTT AP1,24:29:34:e2:4c:36,-70,5249,614,6054507402,true
11-2,2024-12-27 15:55:26.767,MCSLab RTT AP2,24:29:34:e1:ef:d4,-64,366,431,6054507402,true
11-2,2024-12-27 15:55:26.767,MCSLab RTT AP3,e4:5e:1b:a0:5e:85,-56,6108,1058,6054507402,true
11-2,2024-12-27 15:55:26.767,MCSLab RTT AP1,24:29:34:e2:4c:36,-70,5249,614,6054507402,true
11-2,2024-12-27 15:55:26.767,MCSLab RTT AP3,b0:e4:d5:88:16:86,-63,2629,1107,6054507401,true
11-2,2024-12-27 15:55:26.911,MCSLab RTT AP2,24:29:34:e1:ef:d4,-64,278,381,6054507544,true
11-2,2024-12-27 15:55:26.911,MCSLab RTT AP2,24:29:34:e1:ef:d4,-64,278,381,6054507544,true
11-2,2024-12-27 15:55:26.911,MCSLab RTT AP3,e4:5e:1b:a0:5e:85,-61,6953,610,6054507544,true
11-2,2024-12-27 15:55:26.911,MCSLab RTT AP2,24:29:34:e1:ef:d4,-64,278,381,6054507544,true
11-2,2024-12-27 15:55:26.911,MCSLab RTT AP3,e4:5e:1b:a0:5e:85,-61,6953,610,6054507544,true
11-2,2024-12-27 15:55:26.911,MCSLab RTT AP1,24:29:34:e2:4c:36,-70,5171,570,6054507544,true
11-2,2024-12-27 15:55:26.911,MCSLab RTT AP2,24:29:34:e1:ef:d4,-64,278,381,6054507544,true
11-2,2024-12-27 15:55:26.911,MCSLab RTT AP3,e4:5e:1b:a0:5e:85,-61,6953,610,6054507544,true
11-2,2024-12-27 15:55:26.911,MCSLab RTT AP1,24:29:34:e2:4c:36,-70,5171,570,6054507544,true
11-2,2024-12-27 15:55:26.911,MCSLab RTT AP3,b0:e4:d5:88:16:86,-65,2586,1128,6054507544,true
11-2,2024-12-27 15:55:27.056,MCSLab RTT AP2,24:29:34:e1:ef:d4,-63,454,485,6054507690,true
11-2,2024-12-27 15:55:27.056,MCSLab RTT AP2,24:29:34:e1:ef:d4,-63,454,485,6054507690,true
11-2,2024-12-27 15:55:27.056,MCSLab RTT AP3,e4:5e:1b:a0:5e:85,-61,6748,592,6054507690,true
11-2,2024-12-27 15:55:27.056,MCSLab RTT AP2,24:29:34:e1:ef:d4,-63,454,485,6054507690,true
11-2,2024-12-27 15:55:27.056,MCSLab RTT AP3,e4:5e:1b:a0:5e:85,-61,6748,592,6054507690,true
11-2,2024-12-27 15:55:27.056,MCSLab RTT AP1,24:29:34:e2:4c:36,-69,5600,406,6054507690,true
11-2,2024-12-27 15:55:27.056,MCSLab RTT AP2,24:29:34:e1:ef:d4,-63,454,485,6054507690,true
11-2,2024-12-27 15:55:27.056,MCSLab RTT AP3,e4:5e:1b:a0:5e:85,-61,6748,592,6054507690,true
11-2,2024-12-27 15:55:27.056,MCSLab RTT AP1,24:29:34:e2:4c:36,-69,5600,406,6054507690,true
11-2,2024-12-27 15:55:27.056,MCSLab RTT AP3,b0:e4:d5:88:16:86,-65,2625,1149,6054507690,true
11-2,2024-12-27 15:55:27.212,MCSLab RTT AP2,24:29:34:e1:ef:d4,-63,425,328,6054507834,true
11-2,2024-12-27 15:55:27.212,MCSLab RTT AP2,24:29:34:e1:ef:d4,-63,425,328,6054507834,true
11-2,2024-12-27 15:55:27.212,MCSLab RTT AP3,e4:5e:1b:a0:5e:85,-61,6836,598,6054507834,true
11-2,2024-12-27 15:55:27.212,MCSLab RTT AP2,24:29:34:e1:ef:d4,-63,425,328,6054507834,true
11-2,2024-12-27 15:55:27.212,MCSLab RTT AP3,e4:5e:1b:a0:5e:85,-61,6836,598,6054507834,true
11-2,2024-12-27 15:55:27.212,MCSLab RTT AP1,24:29:34:e2:4c:36,-69,5483,370,6054507834,true
11-2,2024-12-27 15:55:27.212,MCSLab RTT AP2,24:29:34:e1:ef:d4,-63,425,328,6054507834,true
11-2,2024-12-27 15:55:27.212,MCSLab RTT AP3,e4:5e:1b:a0:5e:85,-61,6836,598,6054507834,true
11-2,2024-12-27 15:55:27.212,MCSLab RTT AP1,24:29:34:e2:4c:36,-69,5483,370,6054507834,true
11-2,2024-12-27 15:55:27.212,MCSLab RTT AP3,b0:e4:d5:88:16:86,-65,2782,1069,6054507834,true
11-2,2024-12-27 15:55:27.345,MCSLab RTT AP2,24:29:34:e1:ef:d4,-63,425,506,6054507978,true
11-2,2024-12-27 15:55:27.345,MCSLab RTT AP2,24:29:34:e1:ef:d4,-63,425,506,6054507978,true
11-2,2024-12-27 15:55:27.345,MCSLab RTT AP3,e4:5e:1b:a0:5e:85,-61,6865,557,6054507978,true
11-2,2024-12-27 15:55:27.345,MCSLab RTT AP2,24:29:34:e1:ef:d4,-63,425,506,6054507978,true
11-2,2024-12-27 15:55:27.345,MCSLab RTT AP3,e4:5e:1b:a0:5e:85,-61,6865,557,6054507978,true
11-2,2024-12-27 15:55:27.345,MCSLab RTT AP1,24:29:34:e2:4c:36,-69,5327,555,6054507978,true
11-2,2024-12-27 15:55:27.345,MCSLab RTT AP2,24:29:34:e1:ef:d4,-63,425,506,6054507978,true
11-2,2024-12-27 15:55:27.345,MCSLab RTT AP3,e4:5e:1b:a0:5e:85,-61,6865,557,6054507978,true
11-2,2024-12-27 15:55:27.345,MCSLab RTT AP1,24:29:34:e2:4c:36,-69,5327,555,6054507978,true
11-2,2024-12-27 15:55:27.345,MCSLab RTT AP3,b0:e4:d5:88:16:86,-65,2703,1120,6054507978,true
11-2,2024-12-27 15:55:27.491,MCSLab RTT AP2,24:29:34:e1:ef:d4,-64,454,500,6054508121,true
11-2,2024-12-27 15:55:27.491,MCSLab RTT AP2,24:29:34:e1:ef:d4,-64,454,500,6054508121,true
11-2,2024-12-27 15:55:27.491,MCSLab RTT AP3,e4:5e:1b:a0:5e:85,-61,6807,579,6054508121,true
11-2,2024-12-27 15:55:27.491,MCSLab RTT AP2,24:29:34:e1:ef:d4,-64,454,500,6054508121,true
11-2,2024-12-27 15:55:27.491,MCSLab RTT AP3,e4:5e:1b:a0:5e:85,-61,6807,579,6054508121,true
11-2,2024-12-27 15:55:27.491,MCSLab RTT AP1,24:29:34:e2:4c:36,-69,5405,452,6054508121,true
11-2,2024-12-27 15:55:27.491,MCSLab RTT AP2,24:29:34:e1:ef:d4,-64,454,500,6054508121,true
11-2,2024-12-27 15:55:27.491,MCSLab RTT AP3,e4:5e:1b:a0:5e:85,-61,6807,579,6054508121,true
11-2,2024-12-27 15:55:27.491,MCSLab RTT AP1,24:29:34:e2:4c:36,-69,5405,452,6054508121,true
11-2,2024-12-27 15:55:27.491,MCSLab RTT AP3,b0:e4:d5:88:16:86,-65,2586,1080,6054508121,true
11-2,2024-12-27 15:55:27.637,MCSLab RTT AP2,24:29:34:e1:ef:d4,-64,454,375,6054508269,true
11-2,2024-12-27 15:55:27.637,MCSLab RTT AP2,24:29:34:e1:ef:d4,-64,454,375,6054508269,true
11-2,2024-12-27 15:55:27.637,MCSLab RTT AP3,e4:5e:1b:a0:5e:85,-61,6777,588,6054508269,true
11-2,2024-12-27 15:55:27.637,MCSLab RTT AP2,24:29:34:e1:ef:d4,-64,454,375,6054508269,true
11-2,2024-12-27 15:55:27.637,MCSLab RTT AP3,e4:5e:1b:a0:5e:85,-61,6777,588,6054508269,true
11-2,2024-12-27 15:55:27.637,MCSLab RTT AP1,24:29:34:e2:4c:36,-63,4814,954,6054508269,true
11-2,2024-12-27 15:55:27.637,MCSLab RTT AP2,24:29:34:e1:ef:d4,-64,454,375,6054508269,true
11-2,2024-12-27 15:55:27.637,MCSLab RTT AP3,e4:5e:1b:a0:5e:85,-61,6777,588,6054508269,true
11-2,2024-12-27 15:55:27.637,MCSLab RTT AP1,24:29:34:e2:4c:36,-63,4814,954,6054508269,true
11-2,2024-12-27 15:55:27.637,MCSLab RTT AP3,b0:e4:d5:88:16:86,-65,2664,1099,6054508269,true
11-2,2024-12-27 15:55:27.784,MCSLab RTT AP2,24:29:34:e1:ef:d4,-64,425,264,6054508416,true
11-2,2024-12-27 15:55:27.784,MCSLab RTT AP2,24:29:34:e1:ef:d4,-64,425,264,6054508416,true
11-2,2024-12-27 15:55:27.784,MCSLab RTT AP3,e4:5e:1b:a0:5e:85,-62,6894,582,6054508416,true
11-2,2024-12-27 15:55:27.784,MCSLab RTT AP2,24:29:34:e1:ef:d4,-64,425,264,6054508416,true
11-2,2024-12-27 15:55:27.784,MCSLab RTT AP3,e4:5e:1b:a0:5e:85,-62,6894,582,6054508416,true
11-2,2024-12-27 15:55:27.784,MCSLab RTT AP1,24:29:34:e2:4c:36,-69,5171,526,6054508416,true
11-2,2024-12-27 15:55:27.784,MCSLab RTT AP2,24:29:34:e1:ef:d4,-64,425,264,6054508416,true
11-2,2024-12-27 15:55:27.784,MCSLab RTT AP3,e4:5e:1b:a0:5e:85,-62,6894,582,6054508416,true
11-2,2024-12-27 15:55:27.784,MCSLab RTT AP1,24:29:34:e2:4c:36,-69,5171,526,6054508416,true
11-2,2024-12-27 15:55:27.784,MCSLab RTT AP3,b0:e4:d5:88:16:86,-65,2430,1157,6054508416,true
11-2,2024-12-27 15:55:27.930,MCSLab RTT AP2,24:29:34:e1:ef:d4,-64,425,264,6054508564,true
11-2,2024-12-27 15:55:27.930,MCSLab RTT AP2,24:29:34:e1:ef:d4,-64,425,264,6054508564,true
11-2,2024-12-27 15:55:27.930,MCSLab RTT AP3,e4:5e:1b:a0:5e:85,-62,6894,598,6054508564,true
11-2,2024-12-27 15:55:27.930,MCSLab RTT AP2,24:29:34:e1:ef:d4,-64,425,264,6054508564,true
11-2,2024-12-27 15:55:27.930,MCSLab RTT AP3,e4:5e:1b:a0:5e:85,-62,6894,598,6054508564,true
11-2,2024-12-27 15:55:27.930,MCSLab RTT AP1,24:29:34:e2:4c:36,-69,5288,644,6054508564,true
11-2,2024-12-27 15:55:27.930,MCSLab RTT AP2,24:29:34:e1:ef:d4,-64,425,264,6054508564,true
11-2,2024-12-27 15:55:27.930,MCSLab RTT AP3,e4:5e:1b:a0:5e:85,-62,6894,598,6054508564,true
11-2,2024-12-27 15:55:27.930,MCSLab RTT AP1,24:29:34:e2:4c:36,-69,5288,644,6054508564,true
11-2,2024-12-27 15:55:27.930,MCSLab RTT AP3,b0:e4:d5:88:16:86,-65,2547,1134,6054508563,true
11-2,2024-12-27 15:55:28.052,MCSLab RTT AP2,24:29:34:e1:ef:d4,-65,454,561,6054508690,true
11-2,2024-12-27 15:55:28.052,MCSLab RTT AP2,24:29:34:e1:ef:d4,-65,454,561,6054508690,true
11-2,2024-12-27 15:55:28.052,MCSLab RTT AP3,e4:5e:1b:a0:5e:85,-62,6953,527,6054508690,true
11-2,2024-12-27 15:55:28.052,MCSLab RTT AP2,24:29:34:e1:ef:d4,-65,454,561,6054508690,true
11-2,2024-12-27 15:55:28.052,MCSLab RTT AP3,e4:5e:1b:a0:5e:85,-62,6953,527,6054508690,true
11-2,2024-12-27 15:55:28.052,MCSLab RTT AP1,24:29:34:e2:4c:36,-69,5366,604,6054508690,true
11-2,2024-12-27 15:55:28.052,MCSLab RTT AP2,24:29:34:e1:ef:d4,-65,454,561,6054508690,true
11-2,2024-12-27 15:55:28.052,MCSLab RTT AP3,e4:5e:1b:a0:5e:85,-62,6953,527,6054508690,true
11-2,2024-12-27 15:55:28.052,MCSLab RTT AP1,24:29:34:e2:4c:36,-69,5366,604,6054508690,true
11-2,2024-12-27 15:55:28.052,MCSLab RTT AP3,b0:e4:d5:88:16:86,-65,2547,1116,6054508690,true
11-2,2024-12-27 15:55:28.195,MCSLab RTT AP2,24:29:34:e1:ef:d4,-65,513,287,6054508829,true
11-2,2024-12-27 15:55:28.195,MCSLab RTT AP2,24:29:34:e1:ef:d4,-65,513,287,6054508829,true
11-2,2024-12-27 15:55:28.195,MCSLab RTT AP3,e4:5e:1b:a0:5e:85,-59,6757,606,6054508829,true
11-2,2024-12-27 15:55:28.195,MCSLab RTT AP2,24:29:34:e1:ef:d4,-65,513,287,6054508829,true
11-2,2024-12-27 15:55:28.195,MCSLab RTT AP3,e4:5e:1b:a0:5e:85,-59,6757,606,6054508829,true
11-2,2024-12-27 15:55:28.195,MCSLab RTT AP1,24:29:34:e2:4c:36,-69,5171,611,6054508829,true
11-2,2024-12-27 15:55:28.195,MCSLab RTT AP2,24:29:34:e1:ef:d4,-65,513,287,6054508829,true
11-2,2024-12-27 15:55:28.195,MCSLab RTT AP3,e4:5e:1b:a0:5e:85,-59,6757,606,6054508829,true
11-2,2024-12-27 15:55:28.195,MCSLab RTT AP1,24:29:34:e2:4c:36,-69,5171,611,6054508829,true
11-2,2024-12-27 15:55:28.195,MCSLab RTT AP3,b0:e4:d5:88:16:86,-65,2508,1207,6054508829,true
11-2,2024-12-27 15:55:28.341,MCSLab RTT AP2,24:29:34:e1:ef:d4,-65,483,533,6054508974,true
11-2,2024-12-27 15:55:28.341,MCSLab RTT AP2,24:29:34:e1:ef:d4,-65,483,533,6054508974,true
11-2,2024-12-27 15:55:28.341,MCSLab RTT AP3,e4:5e:1b:a0:5e:85,-62,6025,410,6054508974,true
11-2,2024-12-27 15:55:28.341,MCSLab RTT AP2,24:29:34:e1:ef:d4,-65,483,533,6054508974,true
11-2,2024-12-27 15:55:28.341,MCSLab RTT AP3,e4:5e:1b:a0:5e:85,-62,6025,410,6054508974,true
11-2,2024-12-27 15:55:28.341,MCSLab RTT AP1,24:29:34:e2:4c:36,-69,5405,438,6054508974,true
11-2,2024-12-27 15:55:28.341,MCSLab RTT AP2,24:29:34:e1:ef:d4,-65,483,533,6054508974,true
11-2,2024-12-27 15:55:28.341,MCSLab RTT AP3,e4:5e:1b:a0:5e:85,-62,6025,410,6054508974,true
11-2,2024-12-27 15:55:28.341,MCSLab RTT AP1,24:29:34:e2:4c:36,-69,5405,438,6054508974,true
11-2,2024-12-27 15:55:28.341,MCSLab RTT AP3,b0:e4:d5:88:16:86,-65,2586,1169,6054508974,true
11-2,2024-12-27 15:55:28.486,MCSLab RTT AP2,24:29:34:e1:ef:d4,-66,307,677,6054509118,true
11-2,2024-12-27 15:55:28.486,MCSLab RTT AP2,24:29:34:e1:ef:d4,-66,307,677,6054509118,true
11-2,2024-12-27 15:55:28.486,MCSLab RTT AP3,e4:5e:1b:a0:5e:85,-62,6728,653,6054509118,true
11-2,2024-12-27 15:55:28.486,MCSLab RTT AP2,24:29:34:e1:ef:d4,-66,307,677,6054509118,true
11-2,2024-12-27 15:55:28.486,MCSLab RTT AP3,e4:5e:1b:a0:5e:85,-62,6728,653,6054509118,true
11-2,2024-12-27 15:55:28.486,MCSLab RTT AP1,24:29:34:e2:4c:36,-69,5327,446,6054509118,true
11-2,2024-12-27 15:55:28.486,MCSLab RTT AP2,24:29:34:e1:ef:d4,-66,307,677,6054509118,true
11-2,2024-12-27 15:55:28.486,MCSLab RTT AP3,e4:5e:1b:a0:5e:85,-62,6728,653,6054509118,true
11-2,2024-12-27 15:55:28.486,MCSLab RTT AP1,24:29:34:e2:4c:36,-69,5327,446,6054509118,true
11-2,2024-12-27 15:55:28.486,MCSLab RTT AP3,b0:e4:d5:88:16:86,-59,2508,1138,6054509118,true
11-2,2024-12-27 15:55:28.609,MCSLab RTT AP2,24:29:34:e1:ef:d4,-65,337,702,6054509245,true
11-2,2024-12-27 15:55:28.609,MCSLab RTT AP2,24:29:34:e1:ef:d4,-65,337,702,6054509245,true
11-2,2024-12-27 15:55:28.609,MCSLab RTT AP3,e4:5e:1b:a0:5e:85,-62,6396,586,6054509245,true
11-2,2024-12-27 15:55:28.609,MCSLab RTT AP2,24:29:34:e1:ef:d4,-65,337,702,6054509245,true
11-2,2024-12-27 15:55:28.609,MCSLab RTT AP3,e4:5e:1b:a0:5e:85,-62,6396,586,6054509245,true
11-2,2024-12-27 15:55:28.609,MCSLab RTT AP1,24:29:34:e2:4c:36,-69,5327,576,6054509245,true
11-2,2024-12-27 15:55:28.609,MCSLab RTT AP2,24:29:34:e1:ef:d4,-65,337,702,6054509245,true
11-2,2024-12-27 15:55:28.609,MCSLab RTT AP3,e4:5e:1b:a0:5e:85,-62,6396,586,6054509245,true
11-2,2024-12-27 15:55:28.609,MCSLab RTT AP1,24:29:34:e2:4c:36,-69,5327,576,6054509245,true
11-2,2024-12-27 15:55:28.609,MCSLab RTT AP3,b0:e4:d5:88:16:86,-60,1229,2174,6054509245,true
11-2,2024-12-27 15:55:28.744,MCSLab RTT AP2,24:29:34:e1:ef:d4,-65,395,426,6054509378,true
11-2,2024-12-27 15:55:28.744,MCSLab RTT AP2,24:29:34:e1:ef:d4,-65,395,426,6054509378,true
11-2,2024-12-27 15:55:28.744,MCSLab RTT AP3,e4:5e:1b:a0:5e:85,-62,6299,294,6054509378,true
11-2,2024-12-27 15:55:28.744,MCSLab RTT AP2,24:29:34:e1:ef:d4,-65,395,426,6054509378,true
11-2,2024-12-27 15:55:28.744,MCSLab RTT AP3,e4:5e:1b:a0:5e:85,-62,6299,294,6054509378,true
11-2,2024-12-27 15:55:28.744,MCSLab RTT AP1,24:29:34:e2:4c:36,-70,5405,591,6054509378,true
11-2,2024-12-27 15:55:28.744,MCSLab RTT AP2,24:29:34:e1:ef:d4,-65,395,426,6054509378,true
11-2,2024-12-27 15:55:28.744,MCSLab RTT AP3,e4:5e:1b:a0:5e:85,-62,6299,294,6054509378,true
11-2,2024-12-27 15:55:28.744,MCSLab RTT AP1,24:29:34:e2:4c:36,-70,5405,591,6054509378,true
11-2,2024-12-27 15:55:28.744,MCSLab RTT AP3,b0:e4:d5:88:16:86,-64,2352,1255,6054509378,true
11-2,2024-12-27 15:55:28.889,MCSLab RTT AP2,24:29:34:e1:ef:d4,-65,337,755,6054509522,true
11-2,2024-12-27 15:55:28.889,MCSLab RTT AP2,24:29:34:e1:ef:d4,-65,337,755,6054509522,true
11-2,2024-12-27 15:55:28.889,MCSLab RTT AP3,e4:5e:1b:a0:5e:85,-62,6338,315,6054509522,true
11-2,2024-12-27 15:55:28.889,MCSLab RTT AP2,24:29:34:e1:ef:d4,-65,337,755,6054509522,true
11-2,2024-12-27 15:55:28.889,MCSLab RTT AP3,e4:5e:1b:a0:5e:85,-62,6338,315,6054509522,true
11-2,2024-12-27 15:55:28.889,MCSLab RTT AP1,24:29:34:e2:4c:36,-69,5405,523,6054509522,true
11-2,2024-12-27 15:55:28.889,MCSLab RTT AP2,24:29:34:e1:ef:d4,-65,337,755,6054509522,true
11-2,2024-12-27 15:55:28.889,MCSLab RTT AP3,e4:5e:1b:a0:5e:85,-62,6338,315,6054509522,true
11-2,2024-12-27 15:55:28.889,MCSLab RTT AP1,24:29:34:e2:4c:36,-69,5405,523,6054509522,true
11-2,2024-12-27 15:55:28.889,MCSLab RTT AP3,b0:e4:d5:88:16:86,-64,2391,1292,6054509522,true
11-2,2024-12-27 15:55:29.033,MCSLab RTT AP2,24:29:34:e1:ef:d4,-65,278,627,6054509667,true
11-2,2024-12-27 15:55:29.033,MCSLab RTT AP2,24:29:34:e1:ef:d4,-65,278,627,6054509667,true
11-2,2024-12-27 15:55:29.033,MCSLab RTT AP3,e4:5e:1b:a0:5e:85,-62,6865,570,6054509667,true
11-2,2024-12-27 15:55:29.033,MCSLab RTT AP2,24:29:34:e1:ef:d4,-65,278,627,6054509667,true
11-2,2024-12-27 15:55:29.033,MCSLab RTT AP3,e4:5e:1b:a0:5e:85,-62,6865,570,6054509667,true
11-2,2024-12-27 15:55:29.033,MCSLab RTT AP1,24:29:34:e2:4c:36,-69,5366,480,6054509667,true
11-2,2024-12-27 15:55:29.033,MCSLab RTT AP2,24:29:34:e1:ef:d4,-65,278,627,6054509667,true
11-2,2024-12-27 15:55:29.033,MCSLab RTT AP3,e4:5e:1b:a0:5e:85,-62,6865,570,6054509667,true
11-2,2024-12-27 15:55:29.033,MCSLab RTT AP1,24:29:34:e2:4c:36,-69,5366,480,6054509667,true
11-2,2024-12-27 15:55:29.033,MCSLab RTT AP3,b0:e4:d5:88:16:86,-65,2391,1596,6054509667,true
11-2,2024-12-27 15:55:29.174,MCSLab RTT AP2,24:29:34:e1:ef:d4,-65,425,598,6054509807,true
11-2,2024-12-27 15:55:29.174,MCSLab RTT AP2,24:29:34:e1:ef:d4,-65,425,598,6054509807,true
11-2,2024-12-27 15:55:29.174,MCSLab RTT AP3,e4:5e:1b:a0:5e:85,-62,6768,631,6054509807,true
11-2,2024-12-27 15:55:29.174,MCSLab RTT AP2,24:29:34:e1:ef:d4,-65,425,598,6054509807,true
11-2,2024-12-27 15:55:29.174,MCSLab RTT AP3,e4:5e:1b:a0:5e:85,-62,6768,631,6054509807,true
11-2,2024-12-27 15:55:29.174,MCSLab RTT AP1,24:29:34:e2:4c:36,-69,5210,495,6054509807,true
11-2,2024-12-27 15:55:29.174,MCSLab RTT AP2,24:29:34:e1:ef:d4,-65,425,598,6054509807,true
11-2,2024-12-27 15:55:29.174,MCSLab RTT AP3,e4:5e:1b:a0:5e:85,-62,6768,631,6054509807,true
11-2,2024-12-27 15:55:29.174,MCSLab RTT AP1,24:29:34:e2:4c:36,-69,5210,495,6054509807,true
11-2,2024-12-27 15:55:29.174,MCSLab RTT AP3,b0:e4:d5:88:16:86,-64,2469,1228,6054509807,true
11-2,2024-12-27 15:55:29.321,MCSLab RTT AP2,24:29:34:e1:ef:d4,-65,366,468,6054509951,true
11-2,2024-12-27 15:55:29.321,MCSLab RTT AP2,24:29:34:e1:ef:d4,-65,366,468,6054509951,true
11-2,2024-12-27 15:55:29.321,MCSLab RTT AP3,e4:5e:1b:a0:5e:85,-60,6533,227,6054509951,true
11-2,2024-12-27 15:55:29.321,MCSLab RTT AP2,24:29:34:e1:ef:d4,-65,366,468,6054509951,true
11-2,2024-12-27 15:55:29.321,MCSLab RTT AP3,e4:5e:1b:a0:5e:85,-60,6533,227,6054509951,true
11-2,2024-12-27 15:55:29.321,MCSLab RTT AP1,24:29:34:e2:4c:36,-69,5522,379,6054509951,true
11-2,2024-12-27 15:55:29.321,MCSLab RTT AP2,24:29:34:e1:ef:d4,-65,366,468,6054509951,true
11-2,2024-12-27 15:55:29.321,MCSLab RTT AP3,e4:5e:1b:a0:5e:85,-60,6533,227,6054509951,true
11-2,2024-12-27 15:55:29.321,MCSLab RTT AP1,24:29:34:e2:4c:36,-69,5522,379,6054509951,true
11-2,2024-12-27 15:55:29.321,MCSLab RTT AP3,b0:e4:d5:88:16:86,-64,2508,1222,6054509951,true
11-2,2024-12-27 15:55:29.462,MCSLab RTT AP2,24:29:34:e1:ef:d4,-66,395,622,6054510095,true
11-2,2024-12-27 15:55:29.462,MCSLab RTT AP2,24:29:34:e1:ef:d4,-66,395,622,6054510095,true
11-2,2024-12-27 15:55:29.462,MCSLab RTT AP3,e4:5e:1b:a0:5e:85,-62,6719,594,6054510094,true
11-2,2024-12-27 15:55:29.462,MCSLab RTT AP2,24:29:34:e1:ef:d4,-66,395,622,6054510095,true
11-2,2024-12-27 15:55:29.462,MCSLab RTT AP3,e4:5e:1b:a0:5e:85,-62,6719,594,6054510094,true
11-2,2024-12-27 15:55:29.462,MCSLab RTT AP1,24:29:34:e2:4c:36,-69,5561,419,6054510094,true
11-2,2024-12-27 15:55:29.462,MCSLab RTT AP2,24:29:34:e1:ef:d4,-66,395,622,6054510095,true
11-2,2024-12-27 15:55:29.462,MCSLab RTT AP3,e4:5e:1b:a0:5e:85,-62,6719,594,6054510094,true
11-2,2024-12-27 15:55:29.462,MCSLab RTT AP1,24:29:34:e2:4c:36,-69,5561,419,6054510094,true
11-2,2024-12-27 15:55:29.462,MCSLab RTT AP3,b0:e4:d5:88:16:86,-64,2352,1312,6054510094,true
11-2,2024-12-27 15:55:29.603,MCSLab RTT AP2,24:29:34:e1:ef:d4,-66,425,724,6054510237,true
11-2,2024-12-27 15:55:29.603,MCSLab RTT AP2,24:29:34:e1:ef:d4,-66,425,724,6054510237,true
11-2,2024-12-27 15:55:29.603,MCSLab RTT AP3,e4:5e:1b:a0:5e:85,-62,6182,366,6054510237,true
11-2,2024-12-27 15:55:29.603,MCSLab RTT AP2,24:29:34:e1:ef:d4,-66,425,724,6054510237,true
11-2,2024-12-27 15:55:29.603,MCSLab RTT AP3,e4:5e:1b:a0:5e:85,-62,6182,366,6054510237,true
11-2,2024-12-27 15:55:29.603,MCSLab RTT AP1,24:29:34:e2:4c:36,-69,5366,546,6054510237,true
11-2,2024-12-27 15:55:29.603,MCSLab RTT AP2,24:29:34:e1:ef:d4,-66,425,724,6054510237,true
11-2,2024-12-27 15:55:29.603,MCSLab RTT AP3,e4:5e:1b:a0:5e:85,-62,6182,366,6054510237,true
11-2,2024-12-27 15:55:29.603,MCSLab RTT AP1,24:29:34:e2:4c:36,-69,5366,546,6054510237,true
11-2,2024-12-27 15:55:29.603,MCSLab RTT AP3,b0:e4:d5:88:16:86,-64,2469,1283,6054510237,true
11-2,2024-12-27 15:55:29.746,MCSLab RTT AP2,24:29:34:e1:ef:d4,-66,483,468,6054510379,true
11-2,2024-12-27 15:55:29.746,MCSLab RTT AP2,24:29:34:e1:ef:d4,-66,483,468,6054510379,true
11-2,2024-12-27 15:55:29.746,MCSLab RTT AP3,e4:5e:1b:a0:5e:85,-62,5947,420,6054510378,true
11-2,2024-12-27 15:55:29.746,MCSLab RTT AP2,24:29:34:e1:ef:d4,-66,483,468,6054510379,true
11-2,2024-12-27 15:55:29.746,MCSLab RTT AP3,e4:5e:1b:a0:5e:85,-62,5947,420,6054510378,true
11-2,2024-12-27 15:55:29.746,MCSLab RTT AP1,24:29:34:e2:4c:36,-69,5171,522,6054510379,true
11-2,2024-12-27 15:55:29.746,MCSLab RTT AP2,24:29:34:e1:ef:d4,-66,483,468,6054510379,true
11-2,2024-12-27 15:55:29.746,MCSLab RTT AP3,e4:5e:1b:a0:5e:85,-62,5947,420,6054510378,true
11-2,2024-12-27 15:55:29.746,MCSLab RTT AP1,24:29:34:e2:4c:36,-69,5171,522,6054510379,true
11-2,2024-12-27 15:55:29.746,MCSLab RTT AP3,b0:e4:d5:88:16:86,-57,4596,2657,6054510378,true
11-2,2024-12-27 15:55:29.882,MCSLab RTT AP2,24:29:34:e1:ef:d4,-66,395,654,6054510515,true
11-2,2024-12-27 15:55:29.882,MCSLab RTT AP2,24:29:34:e1:ef:d4,-66,395,654,6054510515,true
11-2,2024-12-27 15:55:29.882,MCSLab RTT AP3,e4:5e:1b:a0:5e:85,-62,5947,494,6054510515,true
11-2,2024-12-27 15:55:29.882,MCSLab RTT AP2,24:29:34:e1:ef:d4,-66,395,654,6054510515,true
11-2,2024-12-27 15:55:29.882,MCSLab RTT AP3,e4:5e:1b:a0:5e:85,-62,5947,494,6054510515,true
11-2,2024-12-27 15:55:29.882,MCSLab RTT AP1,24:29:34:e2:4c:36,-63,5249,872,6054510515,true
11-2,2024-12-27 15:55:29.882,MCSLab RTT AP2,24:29:34:e1:ef:d4,-66,395,654,6054510515,true
11-2,2024-12-27 15:55:29.882,MCSLab RTT AP3,e4:5e:1b:a0:5e:85,-62,5947,494,6054510515,true
11-2,2024-12-27 15:55:29.882,MCSLab RTT AP1,24:29:34:e2:4c:36,-63,5249,872,6054510515,true
11-2,2024-12-27 15:55:29.882,MCSLab RTT AP3,b0:e4:d5:88:16:86,-64,2586,1181,6054510515,true
11-2,2024-12-27 15:55:30.023,MCSLab RTT AP2,24:29:34:e1:ef:d4,-66,425,708,6054510655,true
11-2,2024-12-27 15:55:30.023,MCSLab RTT AP2,24:29:34:e1:ef:d4,-66,425,708,6054510655,true
11-2,2024-12-27 15:55:30.023,MCSLab RTT AP3,e4:5e:1b:a0:5e:85,-62,6260,349,6054510655,true
11-2,2024-12-27 15:55:30.023,MCSLab RTT AP2,24:29:34:e1:ef:d4,-66,425,708,6054510655,true
11-2,2024-12-27 15:55:30.023,MCSLab RTT AP3,e4:5e:1b:a0:5e:85,-62,6260,349,6054510655,true
11-2,2024-12-27 15:55:30.023,MCSLab RTT AP1,24:29:34:e2:4c:36,-69,5288,538,6054510655,true
11-2,2024-12-27 15:55:30.023,MCSLab RTT AP2,24:29:34:e1:ef:d4,-66,425,708,6054510655,true
11-2,2024-12-27 15:55:30.023,MCSLab RTT AP3,e4:5e:1b:a0:5e:85,-62,6260,349,6054510655,true
11-2,2024-12-27 15:55:30.023,MCSLab RTT AP1,24:29:34:e2:4c:36,-69,5288,538,6054510655,true
11-2,2024-12-27 15:55:30.023,MCSLab RTT AP3,b0:e4:d5:88:16:86,-64,2625,1178,6054510655,true
11-2,2024-12-27 15:55:30.172,MCSLab RTT AP2,24:29:34:e1:ef:d4,-66,425,643,6054510804,true
11-2,2024-12-27 15:55:30.172,MCSLab RTT AP2,24:29:34:e1:ef:d4,-66,425,643,6054510804,true
11-2,2024-12-27 15:55:30.172,MCSLab RTT AP3,e4:5e:1b:a0:5e:85,-62,5869,446,6054510804,true
11-2,2024-12-27 15:55:30.172,MCSLab RTT AP2,24:29:34:e1:ef:d4,-66,425,643,6054510804,true
11-2,2024-12-27 15:55:30.172,MCSLab RTT AP3,e4:5e:1b:a0:5e:85,-62,5869,446,6054510804,true
11-2,2024-12-27 15:55:30.172,MCSLab RTT AP1,24:29:34:e2:4c:36,-69,5171,567,6054510804,true
11-2,2024-12-27 15:55:30.172,MCSLab RTT AP2,24:29:34:e1:ef:d4,-66,425,643,6054510804,true
11-2,2024-12-27 15:55:30.172,MCSLab RTT AP3,e4:5e:1b:a0:5e:85,-62,5869,446,6054510804,true
11-2,2024-12-27 15:55:30.172,MCSLab RTT AP1,24:29:34:e2:4c:36,-69,5171,567,6054510804,true
11-2,2024-12-27 15:55:30.172,MCSLab RTT AP3,b0:e4:d5:88:16:86,-65,2547,1159,6054510804,true
11-2,2024-12-27 15:55:30.326,MCSLab RTT AP2,24:29:34:e1:ef:d4,-65,630,103,6054510954,true
11-2,2024-12-27 15:55:30.326,MCSLab RTT AP2,24:29:34:e1:ef:d4,-65,630,103,6054510954,true
11-2,2024-12-27 15:55:30.326,MCSLab RTT AP3,e4:5e:1b:a0:5e:85,-62,6260,233,6054510954,true
11-2,2024-12-27 15:55:30.326,MCSLab RTT AP2,24:29:34:e1:ef:d4,-65,630,103,6054510954,true
11-2,2024-12-27 15:55:30.326,MCSLab RTT AP3,e4:5e:1b:a0:5e:85,-62,6260,233,6054510954,true
11-2,2024-12-27 15:55:30.326,MCSLab RTT AP1,24:29:34:e2:4c:36,-69,5249,664,6054510954,true
11-2,2024-12-27 15:55:30.326,MCSLab RTT AP2,24:29:34:e1:ef:d4,-65,630,103,6054510954,true
11-2,2024-12-27 15:55:30.326,MCSLab RTT AP3,e4:5e:1b:a0:5e:85,-62,6260,233,6054510954,true
11-2,2024-12-27 15:55:30.326,MCSLab RTT AP1,24:29:34:e2:4c:36,-69,5249,664,6054510954,true
11-2,2024-12-27 15:55:30.326,MCSLab RTT AP3,b0:e4:d5:88:16:86,-65,2547,1186,6054510953,true
11-2,2024-12-27 15:55:30.464,MCSLab RTT AP2,24:29:34:e1:ef:d4,-67,454,132,6054511097,true
11-2,2024-12-27 15:55:30.464,MCSLab RTT AP2,24:29:34:e1:ef:d4,-67,454,132,6054511097,true
11-2,2024-12-27 15:55:30.464,MCSLab RTT AP3,e4:5e:1b:a0:5e:85,-63,6748,612,6054511097,true
11-2,2024-12-27 15:55:30.464,MCSLab RTT AP2,24:29:34:e1:ef:d4,-67,454,132,6054511097,true
11-2,2024-12-27 15:55:30.464,MCSLab RTT AP3,e4:5e:1b:a0:5e:85,-63,6748,612,6054511097,true
11-2,2024-12-27 15:55:30.464,MCSLab RTT AP1,24:29:34:e2:4c:36,-69,5288,579,6054511097,true
11-2,2024-12-27 15:55:30.464,MCSLab RTT AP2,24:29:34:e1:ef:d4,-67,454,132,6054511097,true
11-2,2024-12-27 15:55:30.464,MCSLab RTT AP3,e4:5e:1b:a0:5e:85,-63,6748,612,6054511097,true
11-2,2024-12-27 15:55:30.464,MCSLab RTT AP1,24:29:34:e2:4c:36,-69,5288,579,6054511097,true
11-2,2024-12-27 15:55:30.464,MCSLab RTT AP3,b0:e4:d5:88:16:86,-60,2625,1426,6054511097,true
11-2,2024-12-27 15:55:30.610,MCSLab RTT AP2,24:29:34:e1:ef:d4,-67,747,192,6054511243,true
11-2,2024-12-27 15:55:30.610,MCSLab RTT AP2,24:29:34:e1:ef:d4,-67,747,192,6054511243,true
11-2,2024-12-27 15:55:30.610,MCSLab RTT AP3,e4:5e:1b:a0:5e:85,-62,6924,569,6054511242,true
11-2,2024-12-27 15:55:30.610,MCSLab RTT AP2,24:29:34:e1:ef:d4,-67,747,192,6054511243,true
11-2,2024-12-27 15:55:30.610,MCSLab RTT AP3,e4:5e:1b:a0:5e:85,-62,6924,569,6054511242,true
11-2,2024-12-27 15:55:30.610,MCSLab RTT AP1,24:29:34:e2:4c:36,-69,5522,394,6054511243,true
11-2,2024-12-27 15:55:30.610,MCSLab RTT AP2,24:29:34:e1:ef:d4,-67,747,192,6054511243,true
11-2,2024-12-27 15:55:30.610,MCSLab RTT AP3,e4:5e:1b:a0:5e:85,-62,6924,569,6054511242,true
11-2,2024-12-27 15:55:30.610,MCSLab RTT AP1,24:29:34:e2:4c:36,-69,5522,394,6054511243,true
11-2,2024-12-27 15:55:30.610,MCSLab RTT AP3,b0:e4:d5:88:16:86,-64,2586,1140,6054511242,true
11-2,2024-12-27 15:55:30.758,MCSLab RTT AP2,24:29:34:e1:ef:d4,-65,659,98,6054511390,true
11-2,2024-12-27 15:55:30.758,MCSLab RTT AP2,24:29:34:e1:ef:d4,-65,659,98,6054511390,true
11-2,2024-12-27 15:55:30.758,MCSLab RTT AP3,e4:5e:1b:a0:5e:85,-59,6894,576,6054511390,true
11-2,2024-12-27 15:55:30.758,MCSLab RTT AP2,24:29:34:e1:ef:d4,-65,659,98,6054511390,true
11-2,2024-12-27 15:55:30.758,MCSLab RTT AP3,e4:5e:1b:a0:5e:85,-59,6894,576,6054511390,true
11-2,2024-12-27 15:55:30.758,MCSLab RTT AP1,24:29:34:e2:4c:36,-69,5327,459,6054511390,true
11-2,2024-12-27 15:55:30.758,MCSLab RTT AP2,24:29:34:e1:ef:d4,-65,659,98,6054511390,true
11-2,2024-12-27 15:55:30.758,MCSLab RTT AP3,e4:5e:1b:a0:5e:85,-59,6894,576,6054511390,true
11-2,2024-12-27 15:55:30.758,MCSLab RTT AP1,24:29:34:e2:4c:36,-69,5327,459,6054511390,true
11-2,2024-12-27 15:55:30.758,MCSLab RTT AP3,b0:e4:d5:88:16:86,-64,2664,1103,6054511390,true
11-2,2024-12-27 15:55:30.901,MCSLab RTT AP2,24:29:34:e1:ef:d4,-65,923,257,6054511534,true
11-2,2024-12-27 15:55:30.901,MCSLab RTT AP2,24:29:34:e1:ef:d4,-65,923,257,6054511534,true
11-2,2024-12-27 15:55:30.901,MCSLab RTT AP3,e4:5e:1b:a0:5e:85,-61,6142,323,6054511533,true
11-2,2024-12-27 15:55:30.901,MCSLab RTT AP2,24:29:34:e1:ef:d4,-65,923,257,6054511534,true
11-2,2024-12-27 15:55:30.901,MCSLab RTT AP3,e4:5e:1b:a0:5e:85,-61,6142,323,6054511533,true
11-2,2024-12-27 15:55:30.901,MCSLab RTT AP1,24:29:34:e2:4c:36,-69,5366,580,6054511534,true
11-2,2024-12-27 15:55:30.901,MCSLab RTT AP2,24:29:34:e1:ef:d4,-65,923,257,6054511534,true
11-2,2024-12-27 15:55:30.901,MCSLab RTT AP3,e4:5e:1b:a0:5e:85,-61,6142,323,6054511533,true
11-2,2024-12-27 15:55:30.901,MCSLab RTT AP1,24:29:34:e2:4c:36,-69,5366,580,6054511534,true
11-2,2024-12-27 15:55:30.901,MCSLab RTT AP3,b0:e4:d5:88:16:86,-65,2547,1212,6054511533,true
11-2,2024-12-27 15:55:31.043,MCSLab RTT AP2,24:29:34:e1:ef:d4,-65,571,488,6054511676,true
11-2,2024-12-27 15:55:31.043,MCSLab RTT AP2,24:29:34:e1:ef:d4,-65,571,488,6054511676,true
11-2,2024-12-27 15:55:31.043,MCSLab RTT AP3,e4:5e:1b:a0:5e:85,-62,6777,538,6054511676,true
11-2,2024-12-27 15:55:31.043,MCSLab RTT AP2,24:29:34:e1:ef:d4,-65,571,488,6054511676,true
11-2,2024-12-27 15:55:31.043,MCSLab RTT AP3,e4:5e:1b:a0:5e:85,-62,6777,538,6054511676,true
11-2,2024-12-27 15:55:31.043,MCSLab RTT AP1,24:29:34:e2:4c:36,-69,5366,447,6054511676,true
11-2,2024-12-27 15:55:31.043,MCSLab RTT AP2,24:29:34:e1:ef:d4,-65,571,488,6054511676,true
11-2,2024-12-27 15:55:31.043,MCSLab RTT AP3,e4:5e:1b:a0:5e:85,-62,6777,538,6054511676,true
11-2,2024-12-27 15:55:31.043,MCSLab RTT AP1,24:29:34:e2:4c:36,-69,5366,447,6054511676,true
11-2,2024-12-27 15:55:31.043,MCSLab RTT AP3,b0:e4:d5:88:16:86,-65,2391,1194,6054511676,true
11-2,2024-12-27 15:55:31.183,MCSLab RTT AP2,24:29:34:e1:ef:d4,-64,747,186,6054511817,true
11-2,2024-12-27 15:55:31.183,MCSLab RTT AP2,24:29:34:e1:ef:d4,-64,747,186,6054511817,true
11-2,2024-12-27 15:55:31.183,MCSLab RTT AP3,e4:5e:1b:a0:5e:85,-62,6572,713,6054511817,true
11-2,2024-12-27 15:55:31.183,MCSLab RTT AP2,24:29:34:e1:ef:d4,-64,747,186,6054511817,true
11-2,2024-12-27 15:55:31.183,MCSLab RTT AP3,e4:5e:1b:a0:5e:85,-62,6572,713,6054511817,true
11-2,2024-12-27 15:55:31.183,MCSLab RTT AP1,24:29:34:e2:4c:36,-69,5405,334,6054511817,true
11-2,2024-12-27 15:55:31.183,MCSLab RTT AP2,24:29:34:e1:ef:d4,-64,747,186,6054511817,true
11-2,2024-12-27 15:55:31.183,MCSLab RTT AP3,e4:5e:1b:a0:5e:85,-62,6572,713,6054511817,true
11-2,2024-12-27 15:55:31.183,MCSLab RTT AP1,24:29:34:e2:4c:36,-69,5405,334,6054511817,true
11-2,2024-12-27 15:55:31.183,MCSLab RTT AP3,b0:e4:d5:88:16:86,-65,2547,1218,6054511817,true
11-2,2024-12-27 15:55:31.324,MCSLab RTT AP2,24:29:34:e1:ef:d4,-66,425,438,6054511958,true
11-2,2024-12-27 15:55:31.324,MCSLab RTT AP2,24:29:34:e1:ef:d4,-66,425,438,6054511958,true
11-2,2024-12-27 15:55:31.324,MCSLab RTT AP3,e4:5e:1b:a0:5e:85,-64,6807,690,6054511958,true
11-2,2024-12-27 15:55:31.324,MCSLab RTT AP2,24:29:34:e1:ef:d4,-66,425,438,6054511958,true
11-2,2024-12-27 15:55:31.324,MCSLab RTT AP3,e4:5e:1b:a0:5e:85,-64,6807,690,6054511958,true
11-2,2024-12-27 15:55:31.324,MCSLab RTT AP1,24:29:34:e2:4c:36,-68,5405,415,6054511958,true
11-2,2024-12-27 15:55:31.324,MCSLab RTT AP2,24:29:34:e1:ef:d4,-66,425,438,6054511958,true
11-2,2024-12-27 15:55:31.324,MCSLab RTT AP3,e4:5e:1b:a0:5e:85,-64,6807,690,6054511958,true
11-2,2024-12-27 15:55:31.324,MCSLab RTT AP1,24:29:34:e2:4c:36,-68,5405,415,6054511958,true
11-2,2024-12-27 15:55:31.324,MCSLab RTT AP3,b0:e4:d5:88:16:86,-65,2625,1133,6054511958,true
11-2,2024-12-27 15:55:31.470,MCSLab RTT AP2,24:29:34:e1:ef:d4,-65,893,328,6054512102,true
11-2,2024-12-27 15:55:31.470,MCSLab RTT AP2,24:29:34:e1:ef:d4,-65,893,328,6054512102,true
11-2,2024-12-27 15:55:31.470,MCSLab RTT AP3,e4:5e:1b:a0:5e:85,-62,6494,729,6054512102,true
11-2,2024-12-27 15:55:31.470,MCSLab RTT AP2,24:29:34:e1:ef:d4,-65,893,328,6054512102,true
11-2,2024-12-27 15:55:31.470,MCSLab RTT AP3,e4:5e:1b:a0:5e:85,-62,6494,729,6054512102,true
11-2,2024-12-27 15:55:31.470,MCSLab RTT AP1,24:29:34:e2:4c:36,-68,5444,362,6054512102,true
11-2,2024-12-27 15:55:31.470,MCSLab RTT AP2,24:29:34:e1:ef:d4,-65,893,328,6054512102,true
11-2,2024-12-27 15:55:31.470,MCSLab RTT AP3,e4:5e:1b:a0:5e:85,-62,6494,729,6054512102,true
11-2,2024-12-27 15:55:31.470,MCSLab RTT AP1,24:29:34:e2:4c:36,-68,5444,362,6054512102,true
11-2,2024-12-27 15:55:31.470,MCSLab RTT AP3,b0:e4:d5:88:16:86,-64,2703,1138,6054512102,true
11-2,2024-12-27 15:55:31.616,MCSLab RTT AP2,24:29:34:e1:ef:d4,-65,1011,83,6054512247,true
11-2,2024-12-27 15:55:31.616,MCSLab RTT AP2,24:29:34:e1:ef:d4,-65,1011,83,6054512247,true
11-2,2024-12-27 15:55:31.616,MCSLab RTT AP3,e4:5e:1b:a0:5e:85,-63,6836,774,6054512247,true
11-2,2024-12-27 15:55:31.616,MCSLab RTT AP2,24:29:34:e1:ef:d4,-65,1011,83,6054512247,true
11-2,2024-12-27 15:55:31.616,MCSLab RTT AP3,e4:5e:1b:a0:5e:85,-63,6836,774,6054512247,true
11-2,2024-12-27 15:55:31.616,MCSLab RTT AP1,24:29:34:e2:4c:36,-69,5405,580,6054512247,true
11-2,2024-12-27 15:55:31.616,MCSLab RTT AP2,24:29:34:e1:ef:d4,-65,1011,83,6054512247,true
11-2,2024-12-27 15:55:31.616,MCSLab RTT AP3,e4:5e:1b:a0:5e:85,-63,6836,774,6054512247,true
11-2,2024-12-27 15:55:31.616,MCSLab RTT AP1,24:29:34:e2:4c:36,-69,5405,580,6054512247,true
11-2,2024-12-27 15:55:31.616,MCSLab RTT AP3,b0:e4:d5:88:16:86,-64,2547,1176,6054512247,true
11-2,2024-12-27 15:55:31.763,MCSLab RTT AP2,24:29:34:e1:ef:d4,-65,542,164,6054512397,true
11-2,2024-12-27 15:55:31.763,MCSLab RTT AP2,24:29:34:e1:ef:d4,-65,542,164,6054512397,true
11-2,2024-12-27 15:55:31.763,MCSLab RTT AP3,e4:5e:1b:a0:5e:85,-58,6865,597,6054512396,true
11-2,2024-12-27 15:55:31.763,MCSLab RTT AP2,24:29:34:e1:ef:d4,-65,542,164,6054512397,true
11-2,2024-12-27 15:55:31.763,MCSLab RTT AP3,e4:5e:1b:a0:5e:85,-58,6865,597,6054512396,true
11-2,2024-12-27 15:55:31.763,MCSLab RTT AP1,24:29:34:e2:4c:36,-69,5288,481,6054512396,true
11-2,2024-12-27 15:55:31.763,MCSLab RTT AP2,24:29:34:e1:ef:d4,-65,542,164,6054512397,true
11-2,2024-12-27 15:55:31.763,MCSLab RTT AP3,e4:5e:1b:a0:5e:85,-58,6865,597,6054512396,true
11-2,2024-12-27 15:55:31.763,MCSLab RTT AP1,24:29:34:e2:4c:36,-69,5288,481,6054512396,true
11-2,2024-12-27 15:55:31.763,MCSLab RTT AP3,b0:e4:d5:88:16:86,-60,2586,1102,6054512396,true
11-2,2024-12-27 15:55:31.912,MCSLab RTT AP2,24:29:34:e1:ef:d4,-64,630,135,6054512545,true
11-2,2024-12-27 15:55:31.912,MCSLab RTT AP2,24:29:34:e1:ef:d4,-64,630,135,6054512545,true
11-2,2024-12-27 15:55:31.912,MCSLab RTT AP3,e4:5e:1b:a0:5e:85,-61,6719,503,6054512545,true
11-2,2024-12-27 15:55:31.912,MCSLab RTT AP2,24:29:34:e1:ef:d4,-64,630,135,6054512545,true
11-2,2024-12-27 15:55:31.912,MCSLab RTT AP3,e4:5e:1b:a0:5e:85,-61,6719,503,6054512545,true
11-2,2024-12-27 15:55:31.912,MCSLab RTT AP1,24:29:34:e2:4c:36,-68,5171,509,6054512545,true
11-2,2024-12-27 15:55:31.912,MCSLab RTT AP2,24:29:34:e1:ef:d4,-64,630,135,6054512545,true
11-2,2024-12-27 15:55:31.912,MCSLab RTT AP3,e4:5e:1b:a0:5e:85,-61,6719,503,6054512545,true
11-2,2024-12-27 15:55:31.912,MCSLab RTT AP1,24:29:34:e2:4c:36,-68,5171,509,6054512545,true
11-2,2024-12-27 15:55:31.912,MCSLab RTT AP3,b0:e4:d5:88:16:86,-65,2508,1264,6054512544,true
11-2,2024-12-27 15:55:32.057,MCSLab RTT AP2,24:29:34:e1:ef:d4,-64,1069,303,6054512690,true
11-2,2024-12-27 15:55:32.057,MCSLab RTT AP2,24:29:34:e1:ef:d4,-64,1069,303,6054512690,true
11-2,2024-12-27 15:55:32.057,MCSLab RTT AP3,e4:5e:1b:a0:5e:85,-62,5713,527,6054512690,true
11-2,2024-12-27 15:55:32.057,MCSLab RTT AP2,24:29:34:e1:ef:d4,-64,1069,303,6054512690,true
11-2,2024-12-27 15:55:32.057,MCSLab RTT AP3,e4:5e:1b:a0:5e:85,-62,5713,527,6054512690,true
11-2,2024-12-27 15:55:32.057,MCSLab RTT AP1,24:29:34:e2:4c:36,-68,5405,472,6054512690,true
11-2,2024-12-27 15:55:32.057,MCSLab RTT AP2,24:29:34:e1:ef:d4,-64,1069,303,6054512690,true
11-2,2024-12-27 15:55:32.057,MCSLab RTT AP3,e4:5e:1b:a0:5e:85,-62,5713,527,6054512690,true
11-2,2024-12-27 15:55:32.057,MCSLab RTT AP1,24:29:34:e2:4c:36,-68,5405,472,6054512690,true
11-2,2024-12-27 15:55:32.057,MCSLab RTT AP3,b0:e4:d5:88:16:86,-60,2352,1297,6054512690,true
11-2,2024-12-27 15:55:32.204,MCSLab RTT AP2,24:29:34:e1:ef:d4,-63,893,424,6054512837,true
11-2,2024-12-27 15:55:32.204,MCSLab RTT AP2,24:29:34:e1:ef:d4,-63,893,424,6054512837,true
11-2,2024-12-27 15:55:32.204,MCSLab RTT AP3,e4:5e:1b:a0:5e:85,-62,5947,345,6054512837,true
11-2,2024-12-27 15:55:32.204,MCSLab RTT AP2,24:29:34:e1:ef:d4,-63,893,424,6054512837,true
11-2,2024-12-27 15:55:32.204,MCSLab RTT AP3,e4:5e:1b:a0:5e:85,-62,5947,345,6054512837,true
11-2,2024-12-27 15:55:32.204,MCSLab RTT AP1,24:29:34:e2:4c:36,-69,5288,522,6054512837,true
11-2,2024-12-27 15:55:32.204,MCSLab RTT AP2,24:29:34:e1:ef:d4,-63,893,424,6054512837,true
11-2,2024-12-27 15:55:32.204,MCSLab RTT AP3,e4:5e:1b:a0:5e:85,-62,5947,345,6054512837,true
11-2,2024-12-27 15:55:32.204,MCSLab RTT AP1,24:29:34:e2:4c:36,-69,5288,522,6054512837,true
11-2,2024-12-27 15:55:32.204,MCSLab RTT AP3,b0:e4:d5:88:16:86,-60,2352,1309,6054512837,true
11-2,2024-12-27 15:55:32.351,MCSLab RTT AP2,24:29:34:e1:ef:d4,-64,688,286,6054512983,true
11-2,2024-12-27 15:55:32.351,MCSLab RTT AP2,24:29:34:e1:ef:d4,-64,688,286,6054512983,true
11-2,2024-12-27 15:55:32.351,MCSLab RTT AP3,e4:5e:1b:a0:5e:85,-64,6572,544,6054512983,true
11-2,2024-12-27 15:55:32.351,MCSLab RTT AP2,24:29:34:e1:ef:d4,-64,688,286,6054512983,true
11-2,2024-12-27 15:55:32.351,MCSLab RTT AP3,e4:5e:1b:a0:5e:85,-64,6572,544,6054512983,true
11-2,2024-12-27 15:55:32.351,MCSLab RTT AP1,24:29:34:e2:4c:36,-69,5327,481,6054512983,true
11-2,2024-12-27 15:55:32.351,MCSLab RTT AP2,24:29:34:e1:ef:d4,-64,688,286,6054512983,true
11-2,2024-12-27 15:55:32.351,MCSLab RTT AP3,e4:5e:1b:a0:5e:85,-64,6572,544,6054512983,true
11-2,2024-12-27 15:55:32.351,MCSLab RTT AP1,24:29:34:e2:4c:36,-69,5327,481,6054512983,true
11-2,2024-12-27 15:55:32.351,MCSLab RTT AP3,b0:e4:d5:88:16:86,-64,2625,1116,6054512983,true
11-2,2024-12-27 15:55:32.493,MCSLab RTT AP2,24:29:34:e1:ef:d4,-64,1303,1161,6054513126,true
11-2,2024-12-27 15:55:32.493,MCSLab RTT AP2,24:29:34:e1:ef:d4,-64,1303,1161,6054513126,true
11-2,2024-12-27 15:55:32.493,MCSLab RTT AP3,e4:5e:1b:a0:5e:85,-65,6953,531,6054513126,true
11-2,2024-12-27 15:55:32.493,MCSLab RTT AP2,24:29:34:e1:ef:d4,-64,1303,1161,6054513126,true
11-2,2024-12-27 15:55:32.493,MCSLab RTT AP3,e4:5e:1b:a0:5e:85,-65,6953,531,6054513126,true
11-2,2024-12-27 15:55:32.493,MCSLab RTT AP1,24:29:34:e2:4c:36,-70,5288,1027,6054513126,true
11-2,2024-12-27 15:55:32.493,MCSLab RTT AP2,24:29:34:e1:ef:d4,-64,1303,1161,6054513126,true
11-2,2024-12-27 15:55:32.493,MCSLab RTT AP3,e4:5e:1b:a0:5e:85,-65,6953,531,6054513126,true
11-2,2024-12-27 15:55:32.493,MCSLab RTT AP1,24:29:34:e2:4c:36,-70,5288,1027,6054513126,true
11-2,2024-12-27 15:55:32.493,MCSLab RTT AP3,b0:e4:d5:88:16:86,-64,2391,1205,6054513126,true
11-2,2024-12-27 15:55:32.636,MCSLab RTT AP2,24:29:34:e1:ef:d4,-64,796,186,6054513269,true
11-2,2024-12-27 15:55:32.636,MCSLab RTT AP2,24:29:34:e1:ef:d4,-64,796,186,6054513269,true
11-2,2024-12-27 15:55:32.636,MCSLab RTT AP3,e4:5e:1b:a0:5e:85,-63,6689,628,6054513269,true
11-2,2024-12-27 15:55:32.636,MCSLab RTT AP2,24:29:34:e1:ef:d4,-64,796,186,6054513269,true
11-2,2024-12-27 15:55:32.636,MCSLab RTT AP3,e4:5e:1b:a0:5e:85,-63,6689,628,6054513269,true
11-2,2024-12-27 15:55:32.636,MCSLab RTT AP1,24:29:34:e2:4c:36,-70,5679,520,6054513269,true
11-2,2024-12-27 15:55:32.636,MCSLab RTT AP2,24:29:34:e1:ef:d4,-64,796,186,6054513269,true
11-2,2024-12-27 15:55:32.636,MCSLab RTT AP3,e4:5e:1b:a0:5e:85,-63,6689,628,6054513269,true
11-2,2024-12-27 15:55:32.636,MCSLab RTT AP1,24:29:34:e2:4c:36,-70,5679,520,6054513269,true
11-2,2024-12-27 15:55:32.636,MCSLab RTT AP3,b0:e4:d5:88:16:86,-64,2586,1167,6054513269,true
11-2,2024-12-27 15:55:32.783,MCSLab RTT AP2,24:29:34:e1:ef:d4,-63,981,132,6054513416,true
11-2,2024-12-27 15:55:32.783,MCSLab RTT AP2,24:29:34:e1:ef:d4,-63,981,132,6054513416,true
11-2,2024-12-27 15:55:32.783,MCSLab RTT AP3,e4:5e:1b:a0:5e:85,-63,6748,739,6054513415,true
11-2,2024-12-27 15:55:32.783,MCSLab RTT AP2,24:29:34:e1:ef:d4,-63,981,132,6054513416,true
11-2,2024-12-27 15:55:32.783,MCSLab RTT AP3,e4:5e:1b:a0:5e:85,-63,6748,739,6054513415,true
11-2,2024-12-27 15:55:32.783,MCSLab RTT AP1,24:29:34:e2:4c:36,-70,5366,471,6054513416,true
11-2,2024-12-27 15:55:32.783,MCSLab RTT AP2,24:29:34:e1:ef:d4,-63,981,132,6054513416,true
11-2,2024-12-27 15:55:32.783,MCSLab RTT AP3,e4:5e:1b:a0:5e:85,-63,6748,739,6054513415,true
11-2,2024-12-27 15:55:32.783,MCSLab RTT AP1,24:29:34:e2:4c:36,-70,5366,471,6054513416,true
11-2,2024-12-27 15:55:32.783,MCSLab RTT AP3,b0:e4:d5:88:16:86,-66,2625,1137,6054513415,true
11-2,2024-12-27 15:55:32.938,MCSLab RTT AP2,24:29:34:e1:ef:d4,-64,991,98,6054513565,true
11-2,2024-12-27 15:55:32.938,MCSLab RTT AP2,24:29:34:e1:ef:d4,-64,991,98,6054513565,true
11-2,2024-12-27 15:55:32.938,MCSLab RTT AP3,e4:5e:1b:a0:5e:85,-62,6660,846,6054513565,true
11-2,2024-12-27 15:55:32.938,MCSLab RTT AP2,24:29:34:e1:ef:d4,-64,991,98,6054513565,true
11-2,2024-12-27 15:55:32.938,MCSLab RTT AP3,e4:5e:1b:a0:5e:85,-62,6660,846,6054513565,true
11-2,2024-12-27 15:55:32.938,MCSLab RTT AP1,24:29:34:e2:4c:36,-69,5171,442,6054513565,true
11-2,2024-12-27 15:55:32.938,MCSLab RTT AP2,24:29:34:e1:ef:d4,-64,991,98,6054513565,true
11-2,2024-12-27 15:55:32.938,MCSLab RTT AP3,e4:5e:1b:a0:5e:85,-62,6660,846,6054513565,true
11-2,2024-12-27 15:55:32.938,MCSLab RTT AP1,24:29:34:e2:4c:36,-69,5171,442,6054513565,true
11-2,2024-12-27 15:55:32.938,MCSLab RTT AP3,b0:e4:d5:88:16:86,-65,2625,1135,6054513565,true
11-2,2024-12-27 15:55:33.079,MCSLab RTT AP2,24:29:34:e1:ef:d4,-64,1040,88,6054513712,true
11-2,2024-12-27 15:55:33.079,MCSLab RTT AP2,24:29:34:e1:ef:d4,-64,1040,88,6054513712,true
11-2,2024-12-27 15:55:33.079,MCSLab RTT AP3,e4:5e:1b:a0:5e:85,-62,6748,838,6054513712,true
11-2,2024-12-27 15:55:33.079,MCSLab RTT AP2,24:29:34:e1:ef:d4,-64,1040,88,6054513712,true
11-2,2024-12-27 15:55:33.079,MCSLab RTT AP3,e4:5e:1b:a0:5e:85,-62,6748,838,6054513712,true
11-2,2024-12-27 15:55:33.079,MCSLab RTT AP1,24:29:34:e2:4c:36,-69,5327,492,6054513712,true
11-2,2024-12-27 15:55:33.079,MCSLab RTT AP2,24:29:34:e1:ef:d4,-64,1040,88,6054513712,true
11-2,2024-12-27 15:55:33.079,MCSLab RTT AP3,e4:5e:1b:a0:5e:85,-62,6748,838,6054513712,true
11-2,2024-12-27 15:55:33.079,MCSLab RTT AP1,24:29:34:e2:4c:36,-69,5327,492,6054513712,true
11-2,2024-12-27 15:55:33.079,MCSLab RTT AP3,b0:e4:d5:88:16:86,-65,2821,1093,6054513712,true
11-2,2024-12-27 15:55:33.223,MCSLab RTT AP2,24:29:34:e1:ef:d4,-65,835,150,6054513856,true
11-2,2024-12-27 15:55:33.223,MCSLab RTT AP2,24:29:34:e1:ef:d4,-65,835,150,6054513856,true
11-2,2024-12-27 15:55:33.223,MCSLab RTT AP3,e4:5e:1b:a0:5e:85,-63,6836,673,6054513856,true
11-2,2024-12-27 15:55:33.223,MCSLab RTT AP2,24:29:34:e1:ef:d4,-65,835,150,6054513856,true
11-2,2024-12-27 15:55:33.223,MCSLab RTT AP3,e4:5e:1b:a0:5e:85,-63,6836,673,6054513856,true
11-2,2024-12-27 15:55:33.223,MCSLab RTT AP1,24:29:34:e2:4c:36,-69,5171,411,6054513856,true
11-2,2024-12-27 15:55:33.223,MCSLab RTT AP2,24:29:34:e1:ef:d4,-65,835,150,6054513856,true
11-2,2024-12-27 15:55:33.223,MCSLab RTT AP3,e4:5e:1b:a0:5e:85,-63,6836,673,6054513856,true
11-2,2024-12-27 15:55:33.223,MCSLab RTT AP1,24:29:34:e2:4c:36,-69,5171,411,6054513856,true
11-2,2024-12-27 15:55:33.223,MCSLab RTT AP3,b0:e4:d5:88:16:86,-62,2625,1185,6054513856,true
11-2,2024-12-27 15:55:33.370,MCSLab RTT AP2,24:29:34:e1:ef:d4,-64,952,293,6054514002,true
11-2,2024-12-27 15:55:33.370,MCSLab RTT AP2,24:29:34:e1:ef:d4,-64,952,293,6054514002,true
11-2,2024-12-27 15:55:33.370,MCSLab RTT AP3,e4:5e:1b:a0:5e:85,-63,6689,744,6054514002,true
11-2,2024-12-27 15:55:33.370,MCSLab RTT AP2,24:29:34:e1:ef:d4,-64,952,293,6054514002,true
11-2,2024-12-27 15:55:33.370,MCSLab RTT AP3,e4:5e:1b:a0:5e:85,-63,6689,744,6054514002,true
11-2,2024-12-27 15:55:33.370,MCSLab RTT AP1,24:29:34:e2:4c:36,-63,5088,661,6054514002,true
11-2,2024-12-27 15:55:33.370,MCSLab RTT AP2,24:29:34:e1:ef:d4,-64,952,293,6054514002,true
11-2,2024-12-27 15:55:33.370,MCSLab RTT AP3,e4:5e:1b:a0:5e:85,-63,6689,744,6054514002,true
11-2,2024-12-27 15:55:33.370,MCSLab RTT AP1,24:29:34:e2:4c:36,-63,5088,661,6054514002,true
11-2,2024-12-27 15:55:33.370,MCSLab RTT AP3,b0:e4:d5:88:16:86,-64,2821,1093,6054514002,true
11-2,2024-12-27 15:55:33.513,MCSLab RTT AP2,24:29:34:e1:ef:d4,-65,1040,151,6054514146,true
11-2,2024-12-27 15:55:33.513,MCSLab RTT AP2,24:29:34:e1:ef:d4,-65,1040,151,6054514146,true
11-2,2024-12-27 15:55:33.513,MCSLab RTT AP3,e4:5e:1b:a0:5e:85,-62,6689,729,6054514146,true
11-2,2024-12-27 15:55:33.513,MCSLab RTT AP2,24:29:34:e1:ef:d4,-65,1040,151,6054514146,true
11-2,2024-12-27 15:55:33.513,MCSLab RTT AP3,e4:5e:1b:a0:5e:85,-62,6689,729,6054514146,true
11-2,2024-12-27 15:55:33.513,MCSLab RTT AP1,24:29:34:e2:4c:36,-69,5405,499,6054514146,true
11-2,2024-12-27 15:55:33.513,MCSLab RTT AP2,24:29:34:e1:ef:d4,-65,1040,151,6054514146,true
11-2,2024-12-27 15:55:33.513,MCSLab RTT AP3,e4:5e:1b:a0:5e:85,-62,6689,729,6054514146,true
11-2,2024-12-27 15:55:33.513,MCSLab RTT AP1,24:29:34:e2:4c:36,-69,5405,499,6054514146,true
11-2,2024-12-27 15:55:33.513,MCSLab RTT AP3,b0:e4:d5:88:16:86,-63,2743,1097,6054514146,true
11-2,2024-12-27 15:55:33.640,MCSLab RTT AP2,24:29:34:e1:ef:d4,-63,1011,197,6054514278,true
11-2,2024-12-27 15:55:33.640,MCSLab RTT AP2,24:29:34:e1:ef:d4,-63,1011,197,6054514278,true
11-2,2024-12-27 15:55:33.640,MCSLab RTT AP3,e4:5e:1b:a0:5e:85,-62,6631,830,6054514278,true
11-2,2024-12-27 15:55:33.640,MCSLab RTT AP2,24:29:34:e1:ef:d4,-63,1011,197,6054514278,true
11-2,2024-12-27 15:55:33.640,MCSLab RTT AP3,e4:5e:1b:a0:5e:85,-62,6631,830,6054514278,true
11-2,2024-12-27 15:55:33.640,MCSLab RTT AP1,24:29:34:e2:4c:36,-69,5444,512,6054514278,true
11-2,2024-12-27 15:55:33.640,MCSLab RTT AP2,24:29:34:e1:ef:d4,-63,1011,197,6054514278,true
11-2,2024-12-27 15:55:33.640,MCSLab RTT AP3,e4:5e:1b:a0:5e:85,-62,6631,830,6054514278,true
11-2,2024-12-27 15:55:33.640,MCSLab RTT AP1,24:29:34:e2:4c:36,-69,5444,512,6054514278,true
11-2,2024-12-27 15:55:33.640,MCSLab RTT AP3,b0:e4:d5:88:16:86,-64,2742,1120,6054514277,true
11-2,2024-12-27 15:55:33.780,MCSLab RTT AP2,24:29:34:e1:ef:d4,-63,981,125,6054514412,true
11-2,2024-12-27 15:55:33.780,MCSLab RTT AP2,24:29:34:e1:ef:d4,-63,981,125,6054514412,true
11-2,2024-12-27 15:55:33.780,MCSLab RTT AP3,e4:5e:1b:a0:5e:85,-61,6748,1418,6054514412,true
11-2,2024-12-27 15:55:33.780,MCSLab RTT AP2,24:29:34:e1:ef:d4,-63,981,125,6054514412,true
11-2,2024-12-27 15:55:33.780,MCSLab RTT AP3,e4:5e:1b:a0:5e:85,-61,6748,1418,6054514412,true
11-2,2024-12-27 15:55:33.780,MCSLab RTT AP1,24:29:34:e2:4c:36,-61,5088,1542,6054514412,true
11-2,2024-12-27 15:55:33.780,MCSLab RTT AP2,24:29:34:e1:ef:d4,-63,981,125,6054514412,true
11-2,2024-12-27 15:55:33.780,MCSLab RTT AP3,e4:5e:1b:a0:5e:85,-61,6748,1418,6054514412,true
11-2,2024-12-27 15:55:33.780,MCSLab RTT AP1,24:29:34:e2:4c:36,-61,5088,1542,6054514412,true
11-2,2024-12-27 15:55:33.780,MCSLab RTT AP3,b0:e4:d5:88:16:86,-64,2547,1171,6054514412,true
11-2,2024-12-27 15:55:33.920,MCSLab RTT AP2,24:29:34:e1:ef:d4,-64,991,186,6054514552,true
11-2,2024-12-27 15:55:33.920,MCSLab RTT AP2,24:29:34:e1:ef:d4,-64,991,186,6054514552,true
11-2,2024-12-27 15:55:33.920,MCSLab RTT AP3,e4:5e:1b:a0:5e:85,-61,6142,280,6054514552,true
11-2,2024-12-27 15:55:33.920,MCSLab RTT AP2,24:29:34:e1:ef:d4,-64,991,186,6054514552,true
11-2,2024-12-27 15:55:33.920,MCSLab RTT AP3,e4:5e:1b:a0:5e:85,-61,6142,280,6054514552,true
11-2,2024-12-27 15:55:33.920,MCSLab RTT AP1,24:29:34:e2:4c:36,-69,5327,780,6054514552,true
11-2,2024-12-27 15:55:33.920,MCSLab RTT AP2,24:29:34:e1:ef:d4,-64,991,186,6054514552,true
11-2,2024-12-27 15:55:33.920,MCSLab RTT AP3,e4:5e:1b:a0:5e:85,-61,6142,280,6054514552,true
11-2,2024-12-27 15:55:33.920,MCSLab RTT AP1,24:29:34:e2:4c:36,-69,5327,780,6054514552,true
11-2,2024-12-27 15:55:33.920,MCSLab RTT AP3,b0:e4:d5:88:16:86,-64,2625,1178,6054514552,true
11-2,2024-12-27 15:55:34.066,MCSLab RTT AP2,24:29:34:e1:ef:d4,-64,659,174,6054514698,true
11-2,2024-12-27 15:55:34.066,MCSLab RTT AP2,24:29:34:e1:ef:d4,-64,659,174,6054514698,true
11-2,2024-12-27 15:55:34.066,MCSLab RTT AP3,e4:5e:1b:a0:5e:85,-59,6298,334,6054514698,true
11-2,2024-12-27 15:55:34.066,MCSLab RTT AP2,24:29:34:e1:ef:d4,-64,659,174,6054514698,true
11-2,2024-12-27 15:55:34.066,MCSLab RTT AP3,e4:5e:1b:a0:5e:85,-59,6298,334,6054514698,true
11-2,2024-12-27 15:55:34.066,MCSLab RTT AP1,24:29:34:e2:4c:36,-69,5600,343,6054514698,true
11-2,2024-12-27 15:55:34.066,MCSLab RTT AP2,24:29:34:e1:ef:d4,-64,659,174,6054514698,true
11-2,2024-12-27 15:55:34.066,MCSLab RTT AP3,e4:5e:1b:a0:5e:85,-59,6298,334,6054514698,true
11-2,2024-12-27 15:55:34.066,MCSLab RTT AP1,24:29:34:e2:4c:36,-69,5600,343,6054514698,true
11-2,2024-12-27 15:55:34.066,MCSLab RTT AP3,b0:e4:d5:88:16:86,-61,2625,1259,6054514698,true
11-2,2024-12-27 15:55:34.212,MCSLab RTT AP2,24:29:34:e1:ef:d4,-64,1098,82,6054514844,true
11-2,2024-12-27 15:55:34.212,MCSLab RTT AP2,24:29:34:e1:ef:d4,-64,1098,82,6054514844,true
11-2,2024-12-27 15:55:34.212,MCSLab RTT AP3,e4:5e:1b:a0:5e:85,-62,6924,426,6054514844,true
11-2,2024-12-27 15:55:34.212,MCSLab RTT AP2,24:29:34:e1:ef:d4,-64,1098,82,6054514844,true
11-2,2024-12-27 15:55:34.212,MCSLab RTT AP3,e4:5e:1b:a0:5e:85,-62,6924,426,6054514844,true
11-2,2024-12-27 15:55:34.212,MCSLab RTT AP1,24:29:34:e2:4c:36,-69,5249,493,6054514844,true
11-2,2024-12-27 15:55:34.212,MCSLab RTT AP2,24:29:34:e1:ef:d4,-64,1098,82,6054514844,true
11-2,2024-12-27 15:55:34.212,MCSLab RTT AP3,e4:5e:1b:a0:5e:85,-62,6924,426,6054514844,true
11-2,2024-12-27 15:55:34.212,MCSLab RTT AP1,24:29:34:e2:4c:36,-69,5249,493,6054514844,true
11-2,2024-12-27 15:55:34.212,MCSLab RTT AP3,b0:e4:d5:88:16:86,-65,2469,1212,6054514844,true
11-2,2024-12-27 15:55:34.353,MCSLab RTT AP2,24:29:34:e1:ef:d4,-66,512,125,6054514986,true
11-2,2024-12-27 15:55:34.353,MCSLab RTT AP2,24:29:34:e1:ef:d4,-66,512,125,6054514986,true
11-2,2024-12-27 15:55:34.353,MCSLab RTT AP3,e4:5e:1b:a0:5e:85,-63,5908,353,6054514986,true
11-2,2024-12-27 15:55:34.353,MCSLab RTT AP2,24:29:34:e1:ef:d4,-66,512,125,6054514986,true
11-2,2024-12-27 15:55:34.353,MCSLab RTT AP3,e4:5e:1b:a0:5e:85,-63,5908,353,6054514986,true
11-2,2024-12-27 15:55:34.353,MCSLab RTT AP1,24:29:34:e2:4c:36,-70,5522,500,6054514986,true
11-2,2024-12-27 15:55:34.353,MCSLab RTT AP2,24:29:34:e1:ef:d4,-66,512,125,6054514986,true
11-2,2024-12-27 15:55:34.353,MCSLab RTT AP3,e4:5e:1b:a0:5e:85,-63,5908,353,6054514986,true
11-2,2024-12-27 15:55:34.353,MCSLab RTT AP1,24:29:34:e2:4c:36,-70,5522,500,6054514986,true
11-2,2024-12-27 15:55:34.353,MCSLab RTT AP3,b0:e4:d5:88:16:86,-59,4793,5136,6054514986,true
11-2,2024-12-27 15:55:34.495,MCSLab RTT AP2,24:29:34:e1:ef:d4,-63,639,224,6054515124,true
11-2,2024-12-27 15:55:34.495,MCSLab RTT AP2,24:29:34:e1:ef:d4,-63,639,224,6054515124,true
11-2,2024-12-27 15:55:34.495,MCSLab RTT AP3,e4:5e:1b:a0:5e:85,-61,6865,658,6054515124,true
11-2,2024-12-27 15:55:34.495,MCSLab RTT AP2,24:29:34:e1:ef:d4,-63,639,224,6054515124,true
11-2,2024-12-27 15:55:34.495,MCSLab RTT AP3,e4:5e:1b:a0:5e:85,-61,6865,658,6054515124,true
11-2,2024-12-27 15:55:34.495,MCSLab RTT AP1,24:29:34:e2:4c:36,-61,5327,1289,6054515124,true
11-2,2024-12-27 15:55:34.495,MCSLab RTT AP2,24:29:34:e1:ef:d4,-63,639,224,6054515124,true
11-2,2024-12-27 15:55:34.495,MCSLab RTT AP3,e4:5e:1b:a0:5e:85,-61,6865,658,6054515124,true
11-2,2024-12-27 15:55:34.495,MCSLab RTT AP1,24:29:34:e2:4c:36,-61,5327,1289,6054515124,true
11-2,2024-12-27 15:55:34.495,MCSLab RTT AP3,b0:e4:d5:88:16:86,-63,2547,1158,6054515124,true
11-2,2024-12-27 15:55:34.636,MCSLab RTT AP2,24:29:34:e1:ef:d4,-66,327,205,6054515269,true
11-2,2024-12-27 15:55:34.636,MCSLab RTT AP2,24:29:34:e1:ef:d4,-66,327,205,6054515269,true
11-2,2024-12-27 15:55:34.636,MCSLab RTT AP3,e4:5e:1b:a0:5e:85,-62,6748,669,6054515269,true
11-2,2024-12-27 15:55:34.636,MCSLab RTT AP2,24:29:34:e1:ef:d4,-66,327,205,6054515269,true
11-2,2024-12-27 15:55:34.636,MCSLab RTT AP3,e4:5e:1b:a0:5e:85,-62,6748,669,6054515269,true
11-2,2024-12-27 15:55:34.636,MCSLab RTT AP1,24:29:34:e2:4c:36,-70,5288,278,6054515269,true
11-2,2024-12-27 15:55:34.636,MCSLab RTT AP2,24:29:34:e1:ef:d4,-66,327,205,6054515269,true
11-2,2024-12-27 15:55:34.636,MCSLab RTT AP3,e4:5e:1b:a0:5e:85,-62,6748,669,6054515269,true
11-2,2024-12-27 15:55:34.636,MCSLab RTT AP1,24:29:34:e2:4c:36,-70,5288,278,6054515269,true
11-2,2024-12-27 15:55:34.636,MCSLab RTT AP3,b0:e4:d5:88:16:86,-62,2547,1337,6054515269,true
11-2,2024-12-27 15:55:34.774,MCSLab RTT AP2,24:29:34:e1:ef:d4,-65,513,146,6054515407,true
11-2,2024-12-27 15:55:34.774,MCSLab RTT AP2,24:29:34:e1:ef:d4,-65,513,146,6054515407,true
11-2,2024-12-27 15:55:34.774,MCSLab RTT AP3,e4:5e:1b:a0:5e:85,-62,6572,250,6054515407,true
11-2,2024-12-27 15:55:34.774,MCSLab RTT AP2,24:29:34:e1:ef:d4,-65,513,146,6054515407,true
11-2,2024-12-27 15:55:34.774,MCSLab RTT AP3,e4:5e:1b:a0:5e:85,-62,6572,250,6054515407,true
11-2,2024-12-27 15:55:34.774,MCSLab RTT AP1,24:29:34:e2:4c:36,-69,5210,311,6054515407,true
11-2,2024-12-27 15:55:34.774,MCSLab RTT AP2,24:29:34:e1:ef:d4,-65,513,146,6054515407,true
11-2,2024-12-27 15:55:34.774,MCSLab RTT AP3,e4:5e:1b:a0:5e:85,-62,6572,250,6054515407,true
11-2,2024-12-27 15:55:34.774,MCSLab RTT AP1,24:29:34:e2:4c:36,-69,5210,311,6054515407,true
11-2,2024-12-27 15:55:34.774,MCSLab RTT AP3,b0:e4:d5:88:16:86,-65,2547,1258,6054515407,true
11-2,2024-12-27 15:55:34.918,MCSLab RTT AP2,24:29:34:e1:ef:d4,-65,483,136,6054515551,true
11-2,2024-12-27 15:55:34.918,MCSLab RTT AP2,24:29:34:e1:ef:d4,-65,483,136,6054515551,true
11-2,2024-12-27 15:55:34.918,MCSLab RTT AP3,e4:5e:1b:a0:5e:85,-62,6748,643,6054515551,true
11-2,2024-12-27 15:55:34.918,MCSLab RTT AP2,24:29:34:e1:ef:d4,-65,483,136,6054515551,true
11-2,2024-12-27 15:55:34.918,MCSLab RTT AP3,e4:5e:1b:a0:5e:85,-62,6748,643,6054515551,true
11-2,2024-12-27 15:55:34.918,MCSLab RTT AP1,24:29:34:e2:4c:36,-68,5366,501,6054515551,true
11-2,2024-12-27 15:55:34.918,MCSLab RTT AP2,24:29:34:e1:ef:d4,-65,483,136,6054515551,true
11-2,2024-12-27 15:55:34.918,MCSLab RTT AP3,e4:5e:1b:a0:5e:85,-62,6748,643,6054515551,true
11-2,2024-12-27 15:55:34.918,MCSLab RTT AP1,24:29:34:e2:4c:36,-68,5366,501,6054515551,true
11-2,2024-12-27 15:55:34.918,MCSLab RTT AP3,b0:e4:d5:88:16:86,-65,2352,1242,6054515551,true
11-2,2024-12-27 15:55:35.061,MCSLab RTT AP2,24:29:34:e1:ef:d4,-64,171,181,6054515694,true
11-2,2024-12-27 15:55:35.061,MCSLab RTT AP2,24:29:34:e1:ef:d4,-64,171,181,6054515694,true
11-2,2024-12-27 15:55:35.061,MCSLab RTT AP3,e4:5e:1b:a0:5e:85,-61,6719,619,6054515694,true
11-2,2024-12-27 15:55:35.061,MCSLab RTT AP2,24:29:34:e1:ef:d4,-64,171,181,6054515694,true
11-2,2024-12-27 15:55:35.061,MCSLab RTT AP3,e4:5e:1b:a0:5e:85,-61,6719,619,6054515694,true
11-2,2024-12-27 15:55:35.061,MCSLab RTT AP1,24:29:34:e2:4c:36,-70,5327,553,6054515694,true
11-2,2024-12-27 15:55:35.061,MCSLab RTT AP2,24:29:34:e1:ef:d4,-64,171,181,6054515694,true
11-2,2024-12-27 15:55:35.061,MCSLab RTT AP3,e4:5e:1b:a0:5e:85,-61,6719,619,6054515694,true
11-2,2024-12-27 15:55:35.061,MCSLab RTT AP1,24:29:34:e2:4c:36,-70,5327,553,6054515694,true
11-2,2024-12-27 15:55:35.061,MCSLab RTT AP3,b0:e4:d5:88:16:86,-62,2391,1467,6054515694,true
11-2,2024-12-27 15:55:35.205,MCSLab RTT AP2,24:29:34:e1:ef:d4,-64,522,151,6054515838,true
11-2,2024-12-27 15:55:35.205,MCSLab RTT AP2,24:29:34:e1:ef:d4,-64,522,151,6054515838,true
11-2,2024-12-27 15:55:35.205,MCSLab RTT AP3,e4:5e:1b:a0:5e:85,-60,6064,365,6054515838,true
11-2,2024-12-27 15:55:35.205,MCSLab RTT AP2,24:29:34:e1:ef:d4,-64,522,151,6054515838,true
11-2,2024-12-27 15:55:35.205,MCSLab RTT AP3,e4:5e:1b:a0:5e:85,-60,6064,365,6054515838,true
11-2,2024-12-27 15:55:35.205,MCSLab RTT AP1,24:29:34:e2:4c:36,-63,5366,560,6054515838,true
11-2,2024-12-27 15:55:35.205,MCSLab RTT AP2,24:29:34:e1:ef:d4,-64,522,151,6054515838,true
11-2,2024-12-27 15:55:35.205,MCSLab RTT AP3,e4:5e:1b:a0:5e:85,-60,6064,365,6054515838,true
11-2,2024-12-27 15:55:35.205,MCSLab RTT AP1,24:29:34:e2:4c:36,-63,5366,560,6054515838,true
11-2,2024-12-27 15:55:35.205,MCSLab RTT AP3,b0:e4:d5:88:16:86,-65,2625,1136,6054515838,true
11-2,2024-12-27 15:55:35.349,MCSLab RTT AP2,24:29:34:e1:ef:d4,-65,678,140,6054515981,true
11-2,2024-12-27 15:55:35.349,MCSLab RTT AP2,24:29:34:e1:ef:d4,-65,678,140,6054515981,true
11-2,2024-12-27 15:55:35.349,MCSLab RTT AP3,e4:5e:1b:a0:5e:85,-61,6836,518,6054515981,true
11-2,2024-12-27 15:55:35.349,MCSLab RTT AP2,24:29:34:e1:ef:d4,-65,678,140,6054515981,true
11-2,2024-12-27 15:55:35.349,MCSLab RTT AP3,e4:5e:1b:a0:5e:85,-61,6836,518,6054515981,true
11-2,2024-12-27 15:55:35.349,MCSLab RTT AP1,24:29:34:e2:4c:36,-70,5288,441,6054515981,true
11-2,2024-12-27 15:55:35.349,MCSLab RTT AP2,24:29:34:e1:ef:d4,-65,678,140,6054515981,true
11-2,2024-12-27 15:55:35.349,MCSLab RTT AP3,e4:5e:1b:a0:5e:85,-61,6836,518,6054515981,true
11-2,2024-12-27 15:55:35.349,MCSLab RTT AP1,24:29:34:e2:4c:36,-70,5288,441,6054515981,true
11-2,2024-12-27 15:55:35.349,MCSLab RTT AP3,b0:e4:d5:88:16:86,-59,4940,2995,6054515981,true
11-2,2024-12-27 15:55:35.498,MCSLab RTT AP2,24:29:34:e1:ef:d4,-65,210,170,6054516130,true
11-2,2024-12-27 15:55:35.498,MCSLab RTT AP2,24:29:34:e1:ef:d4,-65,210,170,6054516130,true
11-2,2024-12-27 15:55:35.498,MCSLab RTT AP3,e4:5e:1b:a0:5e:85,-62,6885,475,6054516130,true
11-2,2024-12-27 15:55:35.498,MCSLab RTT AP2,24:29:34:e1:ef:d4,-65,210,170,6054516130,true
11-2,2024-12-27 15:55:35.498,MCSLab RTT AP3,e4:5e:1b:a0:5e:85,-62,6885,475,6054516130,true
11-2,2024-12-27 15:55:35.498,MCSLab RTT AP1,24:29:34:e2:4c:36,-69,5600,285,6054516130,true
11-2,2024-12-27 15:55:35.498,MCSLab RTT AP2,24:29:34:e1:ef:d4,-65,210,170,6054516130,true
11-2,2024-12-27 15:55:35.498,MCSLab RTT AP3,e4:5e:1b:a0:5e:85,-62,6885,475,6054516130,true
11-2,2024-12-27 15:55:35.498,MCSLab RTT AP1,24:29:34:e2:4c:36,-69,5600,285,6054516130,true
11-2,2024-12-27 15:55:35.498,MCSLab RTT AP3,b0:e4:d5:88:16:86,-64,2821,1014,6054516130,true
11-2,2024-12-27 15:55:35.637,MCSLab RTT AP2,24:29:34:e1:ef:d4,-65,444,256,6054516270,true
11-2,2024-12-27 15:55:35.637,MCSLab RTT AP2,24:29:34:e1:ef:d4,-65,444,256,6054516270,true
11-2,2024-12-27 15:55:35.637,MCSLab RTT AP3,e4:5e:1b:a0:5e:85,-64,6689,658,6054516270,true
11-2,2024-12-27 15:55:35.637,MCSLab RTT AP2,24:29:34:e1:ef:d4,-65,444,256,6054516270,true
11-2,2024-12-27 15:55:35.637,MCSLab RTT AP3,e4:5e:1b:a0:5e:85,-64,6689,658,6054516270,true
11-2,2024-12-27 15:55:35.637,MCSLab RTT AP1,24:29:34:e2:4c:36,-70,5249,501,6054516270,true
11-2,2024-12-27 15:55:35.637,MCSLab RTT AP2,24:29:34:e1:ef:d4,-65,444,256,6054516270,true
11-2,2024-12-27 15:55:35.637,MCSLab RTT AP3,e4:5e:1b:a0:5e:85,-64,6689,658,6054516270,true
11-2,2024-12-27 15:55:35.637,MCSLab RTT AP1,24:29:34:e2:4c:36,-70,5249,501,6054516270,true
11-2,2024-12-27 15:55:35.637,MCSLab RTT AP3,b0:e4:d5:88:16:86,-64,2547,1174,6054516270,true
11-2,2024-12-27 15:55:35.782,MCSLab RTT AP2,24:29:34:e1:ef:d4,-64,405,215,6054516414,true
11-2,2024-12-27 15:55:35.782,MCSLab RTT AP2,24:29:34:e1:ef:d4,-64,405,215,6054516414,true
11-2,2024-12-27 15:55:35.782,MCSLab RTT AP3,e4:5e:1b:a0:5e:85,-61,6689,790,6054516414,true
11-2,2024-12-27 15:55:35.782,MCSLab RTT AP2,24:29:34:e1:ef:d4,-64,405,215,6054516414,true
11-2,2024-12-27 15:55:35.782,MCSLab RTT AP3,e4:5e:1b:a0:5e:85,-61,6689,790,6054516414,true
11-2,2024-12-27 15:55:35.782,MCSLab RTT AP1,24:29:34:e2:4c:36,-69,5405,315,6054516414,true
11-2,2024-12-27 15:55:35.782,MCSLab RTT AP2,24:29:34:e1:ef:d4,-64,405,215,6054516414,true
11-2,2024-12-27 15:55:35.782,MCSLab RTT AP3,e4:5e:1b:a0:5e:85,-61,6689,790,6054516414,true
11-2,2024-12-27 15:55:35.782,MCSLab RTT AP1,24:29:34:e2:4c:36,-69,5405,315,6054516414,true
11-2,2024-12-27 15:55:35.782,MCSLab RTT AP3,b0:e4:d5:88:16:86,-64,2625,1151,6054516414,true
11-2,2024-12-27 15:55:35.923,MCSLab RTT AP2,24:29:34:e1:ef:d4,-65,444,215,6054516558,true
11-2,2024-12-27 15:55:35.923,MCSLab RTT AP2,24:29:34:e1:ef:d4,-65,444,215,6054516558,true
11-2,2024-12-27 15:55:35.923,MCSLab RTT AP3,e4:5e:1b:a0:5e:85,-61,6689,648,6054516558,true
11-2,2024-12-27 15:55:35.923,MCSLab RTT AP2,24:29:34:e1:ef:d4,-65,444,215,6054516558,true
11-2,2024-12-27 15:55:35.923,MCSLab RTT AP3,e4:5e:1b:a0:5e:85,-61,6689,648,6054516558,true
11-2,2024-12-27 15:55:35.923,MCSLab RTT AP1,24:29:34:e2:4c:36,-60,5439,1259,6054516558,true
11-2,2024-12-27 15:55:35.923,MCSLab RTT AP2,24:29:34:e1:ef:d4,-65,444,215,6054516558,true
11-2,2024-12-27 15:55:35.923,MCSLab RTT AP3,e4:5e:1b:a0:5e:85,-61,6689,648,6054516558,true
11-2,2024-12-27 15:55:35.923,MCSLab RTT AP1,24:29:34:e2:4c:36,-60,5439,1259,6054516558,true
11-2,2024-12-27 15:55:35.923,MCSLab RTT AP3,b0:e4:d5:88:16:86,-64,2547,1171,6054516558,true
11-2,2024-12-27 15:55:36.066,MCSLab RTT AP2,24:29:34:e1:ef:d4,-65,366,279,6054516698,true
11-2,2024-12-27 15:55:36.066,MCSLab RTT AP2,24:29:34:e1:ef:d4,-65,366,279,6054516698,true
11-2,2024-12-27 15:55:36.066,MCSLab RTT AP3,e4:5e:1b:a0:5e:85,-62,6660,674,6054516698,true
11-2,2024-12-27 15:55:36.066,MCSLab RTT AP2,24:29:34:e1:ef:d4,-65,366,279,6054516698,true
11-2,2024-12-27 15:55:36.066,MCSLab RTT AP3,e4:5e:1b:a0:5e:85,-62,6660,674,6054516698,true
11-2,2024-12-27 15:55:36.066,MCSLab RTT AP1,24:29:34:e2:4c:36,-68,5600,584,6054516698,true
11-2,2024-12-27 15:55:36.066,MCSLab RTT AP2,24:29:34:e1:ef:d4,-65,366,279,6054516698,true
11-2,2024-12-27 15:55:36.066,MCSLab RTT AP3,e4:5e:1b:a0:5e:85,-62,6660,674,6054516698,true
11-2,2024-12-27 15:55:36.066,MCSLab RTT AP1,24:29:34:e2:4c:36,-68,5600,584,6054516698,true
11-2,2024-12-27 15:55:36.066,MCSLab RTT AP3,b0:e4:d5:88:16:86,-63,2469,1181,6054516698,true
11-2,2024-12-27 15:55:36.213,MCSLab RTT AP2,24:29:34:e1:ef:d4,-64,405,174,6054516846,true
11-2,2024-12-27 15:55:36.213,MCSLab RTT AP2,24:29:34:e1:ef:d4,-64,405,174,6054516846,true
11-2,2024-12-27 15:55:36.213,MCSLab RTT AP3,e4:5e:1b:a0:5e:85,-62,6777,516,6054516846,true
11-2,2024-12-27 15:55:36.213,MCSLab RTT AP2,24:29:34:e1:ef:d4,-64,405,174,6054516846,true
11-2,2024-12-27 15:55:36.213,MCSLab RTT AP3,e4:5e:1b:a0:5e:85,-62,6777,516,6054516846,true
11-2,2024-12-27 15:55:36.213,MCSLab RTT AP1,24:29:34:e2:4c:36,-68,5327,610,6054516846,true
11-2,2024-12-27 15:55:36.213,MCSLab RTT AP2,24:29:34:e1:ef:d4,-64,405,174,6054516846,true
11-2,2024-12-27 15:55:36.213,MCSLab RTT AP3,e4:5e:1b:a0:5e:85,-62,6777,516,6054516846,true
11-2,2024-12-27 15:55:36.213,MCSLab RTT AP1,24:29:34:e2:4c:36,-68,5327,610,6054516846,true
11-2,2024-12-27 15:55:36.213,MCSLab RTT AP3,b0:e4:d5:88:16:86,-64,2508,1192,6054516846,true
11-2,2024-12-27 15:55:36.358,MCSLab RTT AP2,24:29:34:e1:ef:d4,-66,288,116,6054516991,true
11-2,2024-12-27 15:55:36.358,MCSLab RTT AP2,24:29:34:e1:ef:d4,-66,288,116,6054516991,true
11-2,2024-12-27 15:55:36.358,MCSLab RTT AP3,e4:5e:1b:a0:5e:85,-63,6640,689,6054516991,true
11-2,2024-12-27 15:55:36.358,MCSLab RTT AP2,24:29:34:e1:ef:d4,-66,288,116,6054516991,true
11-2,2024-12-27 15:55:36.358,MCSLab RTT AP3,e4:5e:1b:a0:5e:85,-63,6640,689,6054516991,true
11-2,2024-12-27 15:55:36.358,MCSLab RTT AP1,24:29:34:e2:4c:36,-69,5444,368,6054516991,true
11-2,2024-12-27 15:55:36.358,MCSLab RTT AP2,24:29:34:e1:ef:d4,-66,288,116,6054516991,true
11-2,2024-12-27 15:55:36.358,MCSLab RTT AP3,e4:5e:1b:a0:5e:85,-63,6640,689,6054516991,true
11-2,2024-12-27 15:55:36.358,MCSLab RTT AP1,24:29:34:e2:4c:36,-69,5444,368,6054516991,true
11-2,2024-12-27 15:55:36.358,MCSLab RTT AP3,b0:e4:d5:88:16:86,-64,2586,1153,6054516991,true
11-2,2024-12-27 15:55:36.504,MCSLab RTT AP2,24:29:34:e1:ef:d4,-64,718,140,6054517138,true
11-2,2024-12-27 15:55:36.504,MCSLab RTT AP2,24:29:34:e1:ef:d4,-64,718,140,6054517138,true
11-2,2024-12-27 15:55:36.504,MCSLab RTT AP3,e4:5e:1b:a0:5e:85,-64,6729,715,6054517138,true
11-2,2024-12-27 15:55:36.504,MCSLab RTT AP2,24:29:34:e1:ef:d4,-64,718,140,6054517138,true
11-2,2024-12-27 15:55:36.504,MCSLab RTT AP3,e4:5e:1b:a0:5e:85,-64,6729,715,6054517138,true
11-2,2024-12-27 15:55:36.504,MCSLab RTT AP1,24:29:34:e2:4c:36,-69,5327,492,6054517138,true
11-2,2024-12-27 15:55:36.504,MCSLab RTT AP2,24:29:34:e1:ef:d4,-64,718,140,6054517138,true
11-2,2024-12-27 15:55:36.504,MCSLab RTT AP3,e4:5e:1b:a0:5e:85,-64,6729,715,6054517138,true
11-2,2024-12-27 15:55:36.504,MCSLab RTT AP1,24:29:34:e2:4c:36,-69,5327,492,6054517138,true
11-2,2024-12-27 15:55:36.504,MCSLab RTT AP3,b0:e4:d5:88:16:86,-59,2430,1242,6054517138,true
11-2,2024-12-27 15:55:36.649,MCSLab RTT AP2,24:29:34:e1:ef:d4,-64,425,103,6054517282,true
11-2,2024-12-27 15:55:36.649,MCSLab RTT AP2,24:29:34:e1:ef:d4,-64,425,103,6054517282,true
11-2,2024-12-27 15:55:36.649,MCSLab RTT AP3,e4:5e:1b:a0:5e:85,-62,6748,627,6054517282,true
11-2,2024-12-27 15:55:36.649,MCSLab RTT AP2,24:29:34:e1:ef:d4,-64,425,103,6054517282,true
11-2,2024-12-27 15:55:36.649,MCSLab RTT AP3,e4:5e:1b:a0:5e:85,-62,6748,627,6054517282,true
11-2,2024-12-27 15:55:36.649,MCSLab RTT AP1,24:29:34:e2:4c:36,-63,5361,829,6054517282,true
11-2,2024-12-27 15:55:36.649,MCSLab RTT AP2,24:29:34:e1:ef:d4,-64,425,103,6054517282,true
11-2,2024-12-27 15:55:36.649,MCSLab RTT AP3,e4:5e:1b:a0:5e:85,-62,6748,627,6054517282,true
11-2,2024-12-27 15:55:36.649,MCSLab RTT AP1,24:29:34:e2:4c:36,-63,5361,829,6054517282,true
11-2,2024-12-27 15:55:36.649,MCSLab RTT AP3,b0:e4:d5:88:16:86,-64,2430,1246,6054517282,true
11-2,2024-12-27 15:55:36.799,MCSLab RTT AP2,24:29:34:e1:ef:d4,-64,337,352,6054517432,true
11-2,2024-12-27 15:55:36.799,MCSLab RTT AP2,24:29:34:e1:ef:d4,-64,337,352,6054517432,true
11-2,2024-12-27 15:55:36.799,MCSLab RTT AP3,e4:5e:1b:a0:5e:85,-58,6431,739,6054517432,true
11-2,2024-12-27 15:55:36.799,MCSLab RTT AP2,24:29:34:e1:ef:d4,-64,337,352,6054517432,true
11-2,2024-12-27 15:55:36.799,MCSLab RTT AP3,e4:5e:1b:a0:5e:85,-58,6431,739,6054517432,true
11-2,2024-12-27 15:55:36.799,MCSLab RTT AP1,24:29:34:e2:4c:36,-68,5249,550,6054517432,true
11-2,2024-12-27 15:55:36.799,MCSLab RTT AP2,24:29:34:e1:ef:d4,-64,337,352,6054517432,true
11-2,2024-12-27 15:55:36.799,MCSLab RTT AP3,e4:5e:1b:a0:5e:85,-58,6431,739,6054517432,true
11-2,2024-12-27 15:55:36.799,MCSLab RTT AP1,24:29:34:e2:4c:36,-68,5249,550,6054517432,true
11-2,2024-12-27 15:55:36.799,MCSLab RTT AP3,b0:e4:d5:88:16:86,-64,2508,1163,6054517432,true
11-2,2024-12-27 15:55:36.952,MCSLab RTT AP2,24:29:34:e1:ef:d4,-65,718,75,6054517584,true
11-2,2024-12-27 15:55:36.952,MCSLab RTT AP2,24:29:34:e1:ef:d4,-65,718,75,6054517584,true
11-2,2024-12-27 15:55:36.952,MCSLab RTT AP3,e4:5e:1b:a0:5e:85,-63,6719,666,6054517583,true
11-2,2024-12-27 15:55:36.952,MCSLab RTT AP2,24:29:34:e1:ef:d4,-65,718,75,6054517584,true
11-2,2024-12-27 15:55:36.952,MCSLab RTT AP3,e4:5e:1b:a0:5e:85,-63,6719,666,6054517583,true
11-2,2024-12-27 15:55:36.952,MCSLab RTT AP1,24:29:34:e2:4c:36,-68,5444,822,6054517583,true
11-2,2024-12-27 15:55:36.952,MCSLab RTT AP2,24:29:34:e1:ef:d4,-65,718,75,6054517584,true
11-2,2024-12-27 15:55:36.952,MCSLab RTT AP3,e4:5e:1b:a0:5e:85,-63,6719,666,6054517583,true
11-2,2024-12-27 15:55:36.952,MCSLab RTT AP1,24:29:34:e2:4c:36,-68,5444,822,6054517583,true
11-2,2024-12-27 15:55:36.952,MCSLab RTT AP3,b0:e4:d5:88:16:86,-64,2430,1186,6054517583,true
11-2,2024-12-27 15:55:37.099,MCSLab RTT AP2,24:29:34:e1:ef:d4,-65,835,150,6054517732,true
11-2,2024-12-27 15:55:37.099,MCSLab RTT AP2,24:29:34:e1:ef:d4,-65,835,150,6054517732,true
11-2,2024-12-27 15:55:37.099,MCSLab RTT AP3,e4:5e:1b:a0:5e:85,-61,6689,483,6054517732,true
11-2,2024-12-27 15:55:37.099,MCSLab RTT AP2,24:29:34:e1:ef:d4,-65,835,150,6054517732,true
11-2,2024-12-27 15:55:37.099,MCSLab RTT AP3,e4:5e:1b:a0:5e:85,-61,6689,483,6054517732,true
11-2,2024-12-27 15:55:37.099,MCSLab RTT AP1,24:29:34:e2:4c:36,-69,5483,415,6054517732,true
11-2,2024-12-27 15:55:37.099,MCSLab RTT AP2,24:29:34:e1:ef:d4,-65,835,150,6054517732,true
11-2,2024-12-27 15:55:37.099,MCSLab RTT AP3,e4:5e:1b:a0:5e:85,-61,6689,483,6054517732,true
11-2,2024-12-27 15:55:37.099,MCSLab RTT AP1,24:29:34:e2:4c:36,-69,5483,415,6054517732,true
11-2,2024-12-27 15:55:37.099,MCSLab RTT AP3,b0:e4:d5:88:16:86,-63,2469,1254,6054517732,true
11-2,2024-12-27 15:55:37.242,MCSLab RTT AP2,24:29:34:e1:ef:d4,-66,796,104,6054517875,true
11-2,2024-12-27 15:55:37.242,MCSLab RTT AP2,24:29:34:e1:ef:d4,-66,796,104,6054517875,true
11-2,2024-12-27 15:55:37.242,MCSLab RTT AP3,e4:5e:1b:a0:5e:85,-61,6777,680,6054517875,true
11-2,2024-12-27 15:55:37.242,MCSLab RTT AP2,24:29:34:e1:ef:d4,-66,796,104,6054517875,true
11-2,2024-12-27 15:55:37.242,MCSLab RTT AP3,e4:5e:1b:a0:5e:85,-61,6777,680,6054517875,true
11-2,2024-12-27 15:55:37.242,MCSLab RTT AP1,24:29:34:e2:4c:36,-60,4775,1075,6054517875,true
11-2,2024-12-27 15:55:37.242,MCSLab RTT AP2,24:29:34:e1:ef:d4,-66,796,104,6054517875,true
11-2,2024-12-27 15:55:37.242,MCSLab RTT AP3,e4:5e:1b:a0:5e:85,-61,6777,680,6054517875,true
11-2,2024-12-27 15:55:37.242,MCSLab RTT AP1,24:29:34:e2:4c:36,-60,4775,1075,6054517875,true
11-2,2024-12-27 15:55:37.242,MCSLab RTT AP3,b0:e4:d5:88:16:86,-63,2625,1183,6054517875,true
11-2,2024-12-27 15:55:37.386,MCSLab RTT AP2,24:29:34:e1:ef:d4,-65,444,206,6054518018,true
11-2,2024-12-27 15:55:37.386,MCSLab RTT AP2,24:29:34:e1:ef:d4,-65,444,206,6054518018,true
11-2,2024-12-27 15:55:37.386,MCSLab RTT AP3,e4:5e:1b:a0:5e:85,-62,6719,667,6054518018,true
11-2,2024-12-27 15:55:37.386,MCSLab RTT AP2,24:29:34:e1:ef:d4,-65,444,206,6054518018,true
11-2,2024-12-27 15:55:37.386,MCSLab RTT AP3,e4:5e:1b:a0:5e:85,-62,6719,667,6054518018,true
11-2,2024-12-27 15:55:37.386,MCSLab RTT AP1,24:29:34:e2:4c:36,-69,5405,297,6054518018,true
11-2,2024-12-27 15:55:37.386,MCSLab RTT AP2,24:29:34:e1:ef:d4,-65,444,206,6054518018,true
11-2,2024-12-27 15:55:37.386,MCSLab RTT AP3,e4:5e:1b:a0:5e:85,-62,6719,667,6054518018,true
11-2,2024-12-27 15:55:37.386,MCSLab RTT AP1,24:29:34:e2:4c:36,-69,5405,297,6054518018,true
11-2,2024-12-27 15:55:37.386,MCSLab RTT AP3,b0:e4:d5:88:16:86,-62,2430,1246,6054518018,true
11-2,2024-12-27 15:55:37.532,MCSLab RTT AP2,24:29:34:e1:ef:d4,-65,395,184,6054518167,true
11-2,2024-12-27 15:55:37.532,MCSLab RTT AP2,24:29:34:e1:ef:d4,-65,395,184,6054518167,true
11-2,2024-12-27 15:55:37.532,MCSLab RTT AP3,e4:5e:1b:a0:5e:85,-59,6807,401,6054518167,true
11-2,2024-12-27 15:55:37.532,MCSLab RTT AP2,24:29:34:e1:ef:d4,-65,395,184,6054518167,true
11-2,2024-12-27 15:55:37.532,MCSLab RTT AP3,e4:5e:1b:a0:5e:85,-59,6807,401,6054518167,true
11-2,2024-12-27 15:55:37.532,MCSLab RTT AP1,24:29:34:e2:4c:36,-69,5444,421,6054518167,true
11-2,2024-12-27 15:55:37.532,MCSLab RTT AP2,24:29:34:e1:ef:d4,-65,395,184,6054518167,true
11-2,2024-12-27 15:55:37.532,MCSLab RTT AP3,e4:5e:1b:a0:5e:85,-59,6807,401,6054518167,true
11-2,2024-12-27 15:55:37.532,MCSLab RTT AP1,24:29:34:e2:4c:36,-69,5444,421,6054518167,true
11-2,2024-12-27 15:55:37.532,MCSLab RTT AP3,b0:e4:d5:88:16:86,-58,2469,1538,6054518166,true
11-2,2024-12-27 15:55:37.676,MCSLab RTT AP2,24:29:34:e1:ef:d4,-65,757,82,6054518310,true
11-2,2024-12-27 15:55:37.676,MCSLab RTT AP2,24:29:34:e1:ef:d4,-65,757,82,6054518310,true
11-2,2024-12-27 15:55:37.676,MCSLab RTT AP3,e4:5e:1b:a0:5e:85,-63,6103,426,6054518310,true
11-2,2024-12-27 15:55:37.676,MCSLab RTT AP2,24:29:34:e1:ef:d4,-65,757,82,6054518310,true
11-2,2024-12-27 15:55:37.676,MCSLab RTT AP3,e4:5e:1b:a0:5e:85,-63,6103,426,6054518310,true
11-2,2024-12-27 15:55:37.676,MCSLab RTT AP1,24:29:34:e2:4c:36,-69,5171,614,6054518310,true
11-2,2024-12-27 15:55:37.676,MCSLab RTT AP2,24:29:34:e1:ef:d4,-65,757,82,6054518310,true
11-2,2024-12-27 15:55:37.676,MCSLab RTT AP3,e4:5e:1b:a0:5e:85,-63,6103,426,6054518310,true
11-2,2024-12-27 15:55:37.676,MCSLab RTT AP1,24:29:34:e2:4c:36,-69,5171,614,6054518310,true
11-2,2024-12-27 15:55:37.676,MCSLab RTT AP3,b0:e4:d5:88:16:86,-63,2664,1090,6054518310,true
11-2,2024-12-27 15:55:37.821,MCSLab RTT AP2,24:29:34:e1:ef:d4,-64,639,88,6054518453,true
11-2,2024-12-27 15:55:37.821,MCSLab RTT AP2,24:29:34:e1:ef:d4,-64,639,88,6054518453,true
11-2,2024-12-27 15:55:37.821,MCSLab RTT AP3,e4:5e:1b:a0:5e:85,-62,6631,497,6054518453,true
11-2,2024-12-27 15:55:37.821,MCSLab RTT AP2,24:29:34:e1:ef:d4,-64,639,88,6054518453,true
11-2,2024-12-27 15:55:37.821,MCSLab RTT AP3,e4:5e:1b:a0:5e:85,-62,6631,497,6054518453,true
11-2,2024-12-27 15:55:37.821,MCSLab RTT AP1,24:29:34:e2:4c:36,-68,5288,611,6054518453,true
11-2,2024-12-27 15:55:37.821,MCSLab RTT AP2,24:29:34:e1:ef:d4,-64,639,88,6054518453,true
11-2,2024-12-27 15:55:37.821,MCSLab RTT AP3,e4:5e:1b:a0:5e:85,-62,6631,497,6054518453,true
11-2,2024-12-27 15:55:37.821,MCSLab RTT AP1,24:29:34:e2:4c:36,-68,5288,611,6054518453,true
11-2,2024-12-27 15:55:37.821,MCSLab RTT AP3,b0:e4:d5:88:16:86,-58,2625,1159,6054518453,true
11-2,2024-12-27 15:55:37.966,MCSLab RTT AP2,24:29:34:e1:ef:d4,-63,757,211,6054518598,true
11-2,2024-12-27 15:55:37.966,MCSLab RTT AP2,24:29:34:e1:ef:d4,-63,757,211,6054518598,true
11-2,2024-12-27 15:55:37.966,MCSLab RTT AP3,e4:5e:1b:a0:5e:85,-63,6689,634,6054518598,true
11-2,2024-12-27 15:55:37.966,MCSLab RTT AP2,24:29:34:e1:ef:d4,-63,757,211,6054518598,true
11-2,2024-12-27 15:55:37.966,MCSLab RTT AP3,e4:5e:1b:a0:5e:85,-63,6689,634,6054518598,true
11-2,2024-12-27 15:55:37.966,MCSLab RTT AP1,24:29:34:e2:4c:36,-69,5444,348,6054518598,true
11-2,2024-12-27 15:55:37.966,MCSLab RTT AP2,24:29:34:e1:ef:d4,-63,757,211,6054518598,true
11-2,2024-12-27 15:55:37.966,MCSLab RTT AP3,e4:5e:1b:a0:5e:85,-63,6689,634,6054518598,true
11-2,2024-12-27 15:55:37.966,MCSLab RTT AP1,24:29:34:e2:4c:36,-69,5444,348,6054518598,true
11-2,2024-12-27 15:55:37.966,MCSLab RTT AP3,b0:e4:d5:88:16:86,-63,2508,1163,6054518598,true
11-2,2024-12-27 15:55:38.110,MCSLab RTT AP2,24:29:34:e1:ef:d4,-62,913,123,6054518742,true
11-2,2024-12-27 15:55:38.110,MCSLab RTT AP2,24:29:34:e1:ef:d4,-62,913,123,6054518742,true
11-2,2024-12-27 15:55:38.110,MCSLab RTT AP3,e4:5e:1b:a0:5e:85,-62,6748,629,6054518742,true
11-2,2024-12-27 15:55:38.110,MCSLab RTT AP2,24:29:34:e1:ef:d4,-62,913,123,6054518742,true
11-2,2024-12-27 15:55:38.110,MCSLab RTT AP3,e4:5e:1b:a0:5e:85,-62,6748,629,6054518742,true
11-2,2024-12-27 15:55:38.110,MCSLab RTT AP1,24:29:34:e2:4c:36,-68,5561,405,6054518742,true
11-2,2024-12-27 15:55:38.110,MCSLab RTT AP2,24:29:34:e1:ef:d4,-62,913,123,6054518742,true
11-2,2024-12-27 15:55:38.110,MCSLab RTT AP3,e4:5e:1b:a0:5e:85,-62,6748,629,6054518742,true
11-2,2024-12-27 15:55:38.110,MCSLab RTT AP1,24:29:34:e2:4c:36,-68,5561,405,6054518742,true
11-2,2024-12-27 15:55:38.110,MCSLab RTT AP3,b0:e4:d5:88:16:86,-63,2782,1089,6054518742,true
11-2,2024-12-27 15:55:38.290,MCSLab RTT AP2,24:29:34:e1:ef:d4,-63,835,82,6054518906,true
11-2,2024-12-27 15:55:38.290,MCSLab RTT AP2,24:29:34:e1:ef:d4,-63,835,82,6054518906,true
11-2,2024-12-27 15:55:38.290,MCSLab RTT AP3,e4:5e:1b:a0:5e:85,-60,6807,576,6054518906,true
11-2,2024-12-27 15:55:38.290,MCSLab RTT AP2,24:29:34:e1:ef:d4,-63,835,82,6054518906,true
11-2,2024-12-27 15:55:38.290,MCSLab RTT AP3,e4:5e:1b:a0:5e:85,-60,6807,576,6054518906,true
11-2,2024-12-27 15:55:38.290,MCSLab RTT AP1,24:29:34:e2:4c:36,-69,5483,513,6054518906,true
11-2,2024-12-27 15:55:38.290,MCSLab RTT AP2,24:29:34:e1:ef:d4,-63,835,82,6054518906,true
11-2,2024-12-27 15:55:38.290,MCSLab RTT AP3,e4:5e:1b:a0:5e:85,-60,6807,576,6054518906,true
11-2,2024-12-27 15:55:38.290,MCSLab RTT AP1,24:29:34:e2:4c:36,-69,5483,513,6054518906,true
11-2,2024-12-27 15:55:38.290,MCSLab RTT AP3,b0:e4:d5:88:16:86,-62,2590,1199,6054518906,true
11-2,2024-12-27 15:55:38.419,MCSLab RTT AP2,24:29:34:e1:ef:d4,-63,835,125,6054519052,true
11-2,2024-12-27 15:55:38.419,MCSLab RTT AP2,24:29:34:e1:ef:d4,-63,835,125,6054519052,true
11-2,2024-12-27 15:55:38.419,MCSLab RTT AP3,e4:5e:1b:a0:5e:85,-62,6777,546,6054519052,true
11-2,2024-12-27 15:55:38.419,MCSLab RTT AP2,24:29:34:e1:ef:d4,-63,835,125,6054519052,true
11-2,2024-12-27 15:55:38.419,MCSLab RTT AP3,e4:5e:1b:a0:5e:85,-62,6777,546,6054519052,true
11-2,2024-12-27 15:55:38.419,MCSLab RTT AP1,24:29:34:e2:4c:36,-69,5522,384,6054519052,true
11-2,2024-12-27 15:55:38.419,MCSLab RTT AP2,24:29:34:e1:ef:d4,-63,835,125,6054519052,true
11-2,2024-12-27 15:55:38.419,MCSLab RTT AP3,e4:5e:1b:a0:5e:85,-62,6777,546,6054519052,true
11-2,2024-12-27 15:55:38.419,MCSLab RTT AP1,24:29:34:e2:4c:36,-69,5522,384,6054519052,true
11-2,2024-12-27 15:55:38.419,MCSLab RTT AP3,b0:e4:d5:88:16:86,-59,4881,3298,6054519052,true
11-2,2024-12-27 15:55:38.569,MCSLab RTT AP2,24:29:34:e1:ef:d4,-64,571,82,6054519203,true
11-2,2024-12-27 15:55:38.569,MCSLab RTT AP2,24:29:34:e1:ef:d4,-64,571,82,6054519203,true
11-2,2024-12-27 15:55:38.569,MCSLab RTT AP3,e4:5e:1b:a0:5e:85,-62,6894,471,6054519203,true
11-2,2024-12-27 15:55:38.569,MCSLab RTT AP2,24:29:34:e1:ef:d4,-64,571,82,6054519203,true
11-2,2024-12-27 15:55:38.569,MCSLab RTT AP3,e4:5e:1b:a0:5e:85,-62,6894,471,6054519203,true
11-2,2024-12-27 15:55:38.569,MCSLab RTT AP1,24:29:34:e2:4c:36,-69,5288,452,6054519203,true
11-2,2024-12-27 15:55:38.569,MCSLab RTT AP2,24:29:34:e1:ef:d4,-64,571,82,6054519203,true
11-2,2024-12-27 15:55:38.569,MCSLab RTT AP3,e4:5e:1b:a0:5e:85,-62,6894,471,6054519203,true
11-2,2024-12-27 15:55:38.569,MCSLab RTT AP1,24:29:34:e2:4c:36,-69,5288,452,6054519203,true
11-2,2024-12-27 15:55:38.569,MCSLab RTT AP3,b0:e4:d5:88:16:86,-62,2590,1198,6054519203,true
11-2,2024-12-27 15:55:38.714,MCSLab RTT AP2,24:29:34:e1:ef:d4,-64,679,75,6054519346,true
11-2,2024-12-27 15:55:38.714,MCSLab RTT AP2,24:29:34:e1:ef:d4,-64,679,75,6054519346,true
11-2,2024-12-27 15:55:38.714,MCSLab RTT AP3,e4:5e:1b:a0:5e:85,-59,6719,643,6054519346,true
11-2,2024-12-27 15:55:38.714,MCSLab RTT AP2,24:29:34:e1:ef:d4,-64,679,75,6054519346,true
11-2,2024-12-27 15:55:38.714,MCSLab RTT AP3,e4:5e:1b:a0:5e:85,-59,6719,643,6054519346,true
11-2,2024-12-27 15:55:38.714,MCSLab RTT AP1,24:29:34:e2:4c:36,-69,5561,386,6054519346,true
11-2,2024-12-27 15:55:38.714,MCSLab RTT AP2,24:29:34:e1:ef:d4,-64,679,75,6054519346,true
11-2,2024-12-27 15:55:38.714,MCSLab RTT AP3,e4:5e:1b:a0:5e:85,-59,6719,643,6054519346,true
11-2,2024-12-27 15:55:38.714,MCSLab RTT AP1,24:29:34:e2:4c:36,-69,5561,386,6054519346,true
11-2,2024-12-27 15:55:38.714,MCSLab RTT AP3,b0:e4:d5:88:16:86,-64,2586,1172,6054519346,true
11-2,2024-12-27 15:55:38.856,MCSLab RTT AP2,24:29:34:e1:ef:d4,-64,678,88,6054519491,true
11-2,2024-12-27 15:55:38.856,MCSLab RTT AP2,24:29:34:e1:ef:d4,-64,678,88,6054519491,true
11-2,2024-12-27 15:55:38.856,MCSLab RTT AP3,e4:5e:1b:a0:5e:85,-62,6836,672,6054519491,true
11-2,2024-12-27 15:55:38.856,MCSLab RTT AP2,24:29:34:e1:ef:d4,-64,678,88,6054519491,true
11-2,2024-12-27 15:55:38.856,MCSLab RTT AP3,e4:5e:1b:a0:5e:85,-62,6836,672,6054519491,true
11-2,2024-12-27 15:55:38.856,MCSLab RTT AP1,24:29:34:e2:4c:36,-69,5444,409,6054519491,true
11-2,2024-12-27 15:55:38.856,MCSLab RTT AP2,24:29:34:e1:ef:d4,-64,678,88,6054519491,true
11-2,2024-12-27 15:55:38.856,MCSLab RTT AP3,e4:5e:1b:a0:5e:85,-62,6836,672,6054519491,true
11-2,2024-12-27 15:55:38.856,MCSLab RTT AP1,24:29:34:e2:4c:36,-69,5444,409,6054519491,true
11-2,2024-12-27 15:55:38.856,MCSLab RTT AP3,b0:e4:d5:88:16:86,-63,2586,1318,6054519491,true
11-2,2024-12-27 15:55:38.998,MCSLab RTT AP2,24:29:34:e1:ef:d4,-63,630,136,6054519632,true
11-2,2024-12-27 15:55:38.998,MCSLab RTT AP2,24:29:34:e1:ef:d4,-63,630,136,6054519632,true
11-2,2024-12-27 15:55:38.998,MCSLab RTT AP3,e4:5e:1b:a0:5e:85,-62,6719,650,6054519631,true
11-2,2024-12-27 15:55:38.998,MCSLab RTT AP2,24:29:34:e1:ef:d4,-63,630,136,6054519632,true
11-2,2024-12-27 15:55:38.998,MCSLab RTT AP3,e4:5e:1b:a0:5e:85,-62,6719,650,6054519631,true
11-2,2024-12-27 15:55:38.998,MCSLab RTT AP1,24:29:34:e2:4c:36,-60,5010,1327,6054519631,true
11-2,2024-12-27 15:55:38.998,MCSLab RTT AP2,24:29:34:e1:ef:d4,-63,630,136,6054519632,true
11-2,2024-12-27 15:55:38.998,MCSLab RTT AP3,e4:5e:1b:a0:5e:85,-62,6719,650,6054519631,true
11-2,2024-12-27 15:55:38.998,MCSLab RTT AP1,24:29:34:e2:4c:36,-60,5010,1327,6054519631,true
11-2,2024-12-27 15:55:38.998,MCSLab RTT AP3,b0:e4:d5:88:16:86,-64,2586,1166,6054519631,true
11-2,2024-12-27 15:55:39.142,MCSLab RTT AP2,24:29:34:e1:ef:d4,-64,659,184,6054519775,true
11-2,2024-12-27 15:55:39.142,MCSLab RTT AP2,24:29:34:e1:ef:d4,-64,659,184,6054519775,true
11-2,2024-12-27 15:55:39.142,MCSLab RTT AP3,e4:5e:1b:a0:5e:85,-61,6807,554,6054519775,true
11-2,2024-12-27 15:55:39.142,MCSLab RTT AP2,24:29:34:e1:ef:d4,-64,659,184,6054519775,true
11-2,2024-12-27 15:55:39.142,MCSLab RTT AP3,e4:5e:1b:a0:5e:85,-61,6807,554,6054519775,true
11-2,2024-12-27 15:55:39.142,MCSLab RTT AP1,24:29:34:e2:4c:36,-69,5483,328,6054519775,true
11-2,2024-12-27 15:55:39.142,MCSLab RTT AP2,24:29:34:e1:ef:d4,-64,659,184,6054519775,true
11-2,2024-12-27 15:55:39.142,MCSLab RTT AP3,e4:5e:1b:a0:5e:85,-61,6807,554,6054519775,true
11-2,2024-12-27 15:55:39.142,MCSLab RTT AP1,24:29:34:e2:4c:36,-69,5483,328,6054519775,true
11-2,2024-12-27 15:55:39.142,MCSLab RTT AP3,b0:e4:d5:88:16:86,-64,2430,1219,6054519775,true
11-2,2024-12-27 15:55:39.284,MCSLab RTT AP2,24:29:34:e1:ef:d4,-64,659,214,6054519918,true
11-2,2024-12-27 15:55:39.284,MCSLab RTT AP2,24:29:34:e1:ef:d4,-64,659,214,6054519918,true
11-2,2024-12-27 15:55:39.284,MCSLab RTT AP3,e4:5e:1b:a0:5e:85,-62,6836,562,6054519918,true
11-2,2024-12-27 15:55:39.284,MCSLab RTT AP2,24:29:34:e1:ef:d4,-64,659,214,6054519918,true
11-2,2024-12-27 15:55:39.284,MCSLab RTT AP3,e4:5e:1b:a0:5e:85,-62,6836,562,6054519918,true
11-2,2024-12-27 15:55:39.284,MCSLab RTT AP1,24:29:34:e2:4c:36,-69,5600,462,6054519918,true
11-2,2024-12-27 15:55:39.284,MCSLab RTT AP2,24:29:34:e1:ef:d4,-64,659,214,6054519918,true
11-2,2024-12-27 15:55:39.284,MCSLab RTT AP3,e4:5e:1b:a0:5e:85,-62,6836,562,6054519918,true
11-2,2024-12-27 15:55:39.284,MCSLab RTT AP1,24:29:34:e2:4c:36,-69,5600,462,6054519918,true
11-2,2024-12-27 15:55:39.284,MCSLab RTT AP3,b0:e4:d5:88:16:86,-63,2469,1167,6054519917,true
11-2,2024-12-27 15:55:39.429,MCSLab RTT AP2,24:29:34:e1:ef:d4,-64,513,242,6054520063,true
11-2,2024-12-27 15:55:39.429,MCSLab RTT AP2,24:29:34:e1:ef:d4,-64,513,242,6054520063,true
11-2,2024-12-27 15:55:39.429,MCSLab RTT AP3,e4:5e:1b:a0:5e:85,-62,6719,642,6054520063,true
11-2,2024-12-27 15:55:39.429,MCSLab RTT AP2,24:29:34:e1:ef:d4,-64,513,242,6054520063,true
11-2,2024-12-27 15:55:39.429,MCSLab RTT AP3,e4:5e:1b:a0:5e:85,-62,6719,642,6054520063,true
11-2,2024-12-27 15:55:39.429,MCSLab RTT AP1,24:29:34:e2:4c:36,-69,5522,442,6054520063,true
11-2,2024-12-27 15:55:39.429,MCSLab RTT AP2,24:29:34:e1:ef:d4,-64,513,242,6054520063,true
11-2,2024-12-27 15:55:39.429,MCSLab RTT AP3,e4:5e:1b:a0:5e:85,-62,6719,642,6054520063,true
11-2,2024-12-27 15:55:39.429,MCSLab RTT AP1,24:29:34:e2:4c:36,-69,5522,442,6054520063,true
11-2,2024-12-27 15:55:39.429,MCSLab RTT AP3,b0:e4:d5:88:16:86,-64,2547,1177,6054520063,true
11-2,2024-12-27 15:55:39.586,MCSLab RTT AP2,24:29:34:e1:ef:d4,-63,571,97,6054520208,true
11-2,2024-12-27 15:55:39.586,MCSLab RTT AP2,24:29:34:e1:ef:d4,-63,571,97,6054520208,true
11-2,2024-12-27 15:55:39.586,MCSLab RTT AP3,e4:5e:1b:a0:5e:85,-62,6777,570,6054520208,true
11-2,2024-12-27 15:55:39.586,MCSLab RTT AP2,24:29:34:e1:ef:d4,-63,571,97,6054520208,true
11-2,2024-12-27 15:55:39.586,MCSLab RTT AP3,e4:5e:1b:a0:5e:85,-62,6777,570,6054520208,true
11-2,2024-12-27 15:55:39.586,MCSLab RTT AP1,24:29:34:e2:4c:36,-69,5366,573,6054520208,true
11-2,2024-12-27 15:55:39.586,MCSLab RTT AP2,24:29:34:e1:ef:d4,-63,571,97,6054520208,true
11-2,2024-12-27 15:55:39.586,MCSLab RTT AP3,e4:5e:1b:a0:5e:85,-62,6777,570,6054520208,true
11-2,2024-12-27 15:55:39.586,MCSLab RTT AP1,24:29:34:e2:4c:36,-69,5366,573,6054520208,true
11-2,2024-12-27 15:55:39.586,MCSLab RTT AP3,b0:e4:d5:88:16:86,-59,2596,1190,6054520208,true
11-2,2024-12-27 15:55:39.720,MCSLab RTT AP2,24:29:34:e1:ef:d4,-63,688,214,6054520353,true
11-2,2024-12-27 15:55:39.720,MCSLab RTT AP2,24:29:34:e1:ef:d4,-63,688,214,6054520353,true
11-2,2024-12-27 15:55:39.720,MCSLab RTT AP3,e4:5e:1b:a0:5e:85,-61,6807,604,6054520353,true
11-2,2024-12-27 15:55:39.720,MCSLab RTT AP2,24:29:34:e1:ef:d4,-63,688,214,6054520353,true
11-2,2024-12-27 15:55:39.720,MCSLab RTT AP3,e4:5e:1b:a0:5e:85,-61,6807,604,6054520353,true
11-2,2024-12-27 15:55:39.720,MCSLab RTT AP1,24:29:34:e2:4c:36,-69,5171,647,6054520353,true
11-2,2024-12-27 15:55:39.720,MCSLab RTT AP2,24:29:34:e1:ef:d4,-63,688,214,6054520353,true
11-2,2024-12-27 15:55:39.720,MCSLab RTT AP3,e4:5e:1b:a0:5e:85,-61,6807,604,6054520353,true
11-2,2024-12-27 15:55:39.720,MCSLab RTT AP1,24:29:34:e2:4c:36,-69,5171,647,6054520353,true
11-2,2024-12-27 15:55:39.720,MCSLab RTT AP3,b0:e4:d5:88:16:86,-64,2469,1242,6054520353,true
11-2,2024-12-27 15:55:39.866,MCSLab RTT AP2,24:29:34:e1:ef:d4,-63,630,221,6054520499,true
11-2,2024-12-27 15:55:39.866,MCSLab RTT AP2,24:29:34:e1:ef:d4,-63,630,221,6054520499,true
11-2,2024-12-27 15:55:39.866,MCSLab RTT AP3,e4:5e:1b:a0:5e:85,-60,6640,671,6054520499,true
11-2,2024-12-27 15:55:39.866,MCSLab RTT AP2,24:29:34:e1:ef:d4,-63,630,221,6054520499,true
11-2,2024-12-27 15:55:39.866,MCSLab RTT AP3,e4:5e:1b:a0:5e:85,-60,6640,671,6054520499,true
11-2,2024-12-27 15:55:39.866,MCSLab RTT AP1,24:29:34:e2:4c:36,-69,5327,607,6054520499,true
11-2,2024-12-27 15:55:39.866,MCSLab RTT AP2,24:29:34:e1:ef:d4,-63,630,221,6054520499,true
11-2,2024-12-27 15:55:39.866,MCSLab RTT AP3,e4:5e:1b:a0:5e:85,-60,6640,671,6054520499,true
11-2,2024-12-27 15:55:39.866,MCSLab RTT AP1,24:29:34:e2:4c:36,-69,5327,607,6054520499,true
11-2,2024-12-27 15:55:39.866,MCSLab RTT AP3,b0:e4:d5:88:16:86,-64,2625,1105,6054520499,true
11-2,2024-12-27 15:55:40.012,MCSLab RTT AP2,24:29:34:e1:ef:d4,-64,688,257,6054520644,true
11-2,2024-12-27 15:55:40.012,MCSLab RTT AP2,24:29:34:e1:ef:d4,-64,688,257,6054520644,true
11-2,2024-12-27 15:55:40.012,MCSLab RTT AP3,e4:5e:1b:a0:5e:85,-61,6777,598,6054520644,true
11-2,2024-12-27 15:55:40.012,MCSLab RTT AP2,24:29:34:e1:ef:d4,-64,688,257,6054520644,true
11-2,2024-12-27 15:55:40.012,MCSLab RTT AP3,e4:5e:1b:a0:5e:85,-61,6777,598,6054520644,true
11-2,2024-12-27 15:55:40.012,MCSLab RTT AP1,24:29:34:e2:4c:36,-69,5640,451,6054520644,true
11-2,2024-12-27 15:55:40.012,MCSLab RTT AP2,24:29:34:e1:ef:d4,-64,688,257,6054520644,true
11-2,2024-12-27 15:55:40.012,MCSLab RTT AP3,e4:5e:1b:a0:5e:85,-61,6777,598,6054520644,true
11-2,2024-12-27 15:55:40.012,MCSLab RTT AP1,24:29:34:e2:4c:36,-69,5640,451,6054520644,true
11-2,2024-12-27 15:55:40.012,MCSLab RTT AP3,b0:e4:d5:88:16:86,-64,2547,1161,6054520644,true
11-2,2024-12-27 15:55:40.159,MCSLab RTT AP2,24:29:34:e1:ef:d4,-64,688,211,6054520791,true
11-2,2024-12-27 15:55:40.159,MCSLab RTT AP2,24:29:34:e1:ef:d4,-64,688,211,6054520791,true
11-2,2024-12-27 15:55:40.159,MCSLab RTT AP3,e4:5e:1b:a0:5e:85,-61,6777,572,6054520791,true
11-2,2024-12-27 15:55:40.159,MCSLab RTT AP2,24:29:34:e1:ef:d4,-64,688,211,6054520791,true
11-2,2024-12-27 15:55:40.159,MCSLab RTT AP3,e4:5e:1b:a0:5e:85,-61,6777,572,6054520791,true
11-2,2024-12-27 15:55:40.159,MCSLab RTT AP1,24:29:34:e2:4c:36,-69,5405,523,6054520791,true
11-2,2024-12-27 15:55:40.159,MCSLab RTT AP2,24:29:34:e1:ef:d4,-64,688,211,6054520791,true
11-2,2024-12-27 15:55:40.159,MCSLab RTT AP3,e4:5e:1b:a0:5e:85,-61,6777,572,6054520791,true
11-2,2024-12-27 15:55:40.159,MCSLab RTT AP1,24:29:34:e2:4c:36,-69,5405,523,6054520791,true
11-2,2024-12-27 15:55:40.159,MCSLab RTT AP3,b0:e4:d5:88:16:86,-64,2469,1167,6054520791,true
11-2,2024-12-27 15:55:40.310,MCSLab RTT AP2,24:29:34:e1:ef:d4,-64,571,171,6054520941,true
11-2,2024-12-27 15:55:40.310,MCSLab RTT AP2,24:29:34:e1:ef:d4,-64,571,171,6054520941,true
11-2,2024-12-27 15:55:40.310,MCSLab RTT AP3,e4:5e:1b:a0:5e:85,-61,6953,414,6054520941,true
11-2,2024-12-27 15:55:40.310,MCSLab RTT AP2,24:29:34:e1:ef:d4,-64,571,171,6054520941,true
11-2,2024-12-27 15:55:40.310,MCSLab RTT AP3,e4:5e:1b:a0:5e:85,-61,6953,414,6054520941,true
11-2,2024-12-27 15:55:40.310,MCSLab RTT AP1,24:29:34:e2:4c:36,-69,5444,492,6054520941,true
11-2,2024-12-27 15:55:40.310,MCSLab RTT AP2,24:29:34:e1:ef:d4,-64,571,171,6054520941,true
11-2,2024-12-27 15:55:40.310,MCSLab RTT AP3,e4:5e:1b:a0:5e:85,-61,6953,414,6054520941,true
11-2,2024-12-27 15:55:40.310,MCSLab RTT AP1,24:29:34:e2:4c:36,-69,5444,492,6054520941,true
11-2,2024-12-27 15:55:40.310,MCSLab RTT AP3,b0:e4:d5:88:16:86,-62,2277,1301,6054520941,true
11-2,2024-12-27 15:55:40.455,MCSLab RTT AP2,24:29:34:e1:ef:d4,-64,454,150,6054521087,true
11-2,2024-12-27 15:55:40.455,MCSLab RTT AP2,24:29:34:e1:ef:d4,-64,454,150,6054521087,true
11-2,2024-12-27 15:55:40.455,MCSLab RTT AP3,e4:5e:1b:a0:5e:85,-61,6924,513,6054521087,true
11-2,2024-12-27 15:55:40.455,MCSLab RTT AP2,24:29:34:e1:ef:d4,-64,454,150,6054521087,true
11-2,2024-12-27 15:55:40.455,MCSLab RTT AP3,e4:5e:1b:a0:5e:85,-61,6924,513,6054521087,true
11-2,2024-12-27 15:55:40.455,MCSLab RTT AP1,24:29:34:e2:4c:36,-69,5288,611,6054521087,true
11-2,2024-12-27 15:55:40.455,MCSLab RTT AP2,24:29:34:e1:ef:d4,-64,454,150,6054521087,true
11-2,2024-12-27 15:55:40.455,MCSLab RTT AP3,e4:5e:1b:a0:5e:85,-61,6924,513,6054521087,true
11-2,2024-12-27 15:55:40.455,MCSLab RTT AP1,24:29:34:e2:4c:36,-69,5288,611,6054521087,true
11-2,2024-12-27 15:55:40.455,MCSLab RTT AP3,b0:e4:d5:88:16:86,-64,2352,1227,6054521087,true
11-2,2024-12-27 15:55:40.600,MCSLab RTT AP2,24:29:34:e1:ef:d4,-64,395,140,6054521234,true
11-2,2024-12-27 15:55:40.600,MCSLab RTT AP2,24:29:34:e1:ef:d4,-64,395,140,6054521234,true
11-2,2024-12-27 15:55:40.600,MCSLab RTT AP3,e4:5e:1b:a0:5e:85,-61,6865,502,6054521234,true
11-2,2024-12-27 15:55:40.600,MCSLab RTT AP2,24:29:34:e1:ef:d4,-64,395,140,6054521234,true
11-2,2024-12-27 15:55:40.600,MCSLab RTT AP3,e4:5e:1b:a0:5e:85,-61,6865,502,6054521234,true
11-2,2024-12-27 15:55:40.600,MCSLab RTT AP1,24:29:34:e2:4c:36,-69,5327,439,6054521234,true
11-2,2024-12-27 15:55:40.600,MCSLab RTT AP2,24:29:34:e1:ef:d4,-64,395,140,6054521234,true
11-2,2024-12-27 15:55:40.600,MCSLab RTT AP3,e4:5e:1b:a0:5e:85,-61,6865,502,6054521234,true
11-2,2024-12-27 15:55:40.600,MCSLab RTT AP1,24:29:34:e2:4c:36,-69,5327,439,6054521234,true
11-2,2024-12-27 15:55:40.600,MCSLab RTT AP3,b0:e4:d5:88:16:86,-58,1698,1786,6054521234,true
11-2,2024-12-27 15:55:40.741,MCSLab RTT AP2,24:29:34:e1:ef:d4,-64,425,97,6054521375,true
11-2,2024-12-27 15:55:40.741,MCSLab RTT AP2,24:29:34:e1:ef:d4,-64,425,97,6054521375,true
11-2,2024-12-27 15:55:40.741,MCSLab RTT AP3,e4:5e:1b:a0:5e:85,-61,6836,560,6054521375,true
11-2,2024-12-27 15:55:40.741,MCSLab RTT AP2,24:29:34:e1:ef:d4,-64,425,97,6054521375,true
11-2,2024-12-27 15:55:40.741,MCSLab RTT AP3,e4:5e:1b:a0:5e:85,-61,6836,560,6054521375,true
11-2,2024-12-27 15:55:40.741,MCSLab RTT AP1,24:29:34:e2:4c:36,-62,5210,1175,6054521375,true
11-2,2024-12-27 15:55:40.741,MCSLab RTT AP2,24:29:34:e1:ef:d4,-64,425,97,6054521375,true
11-2,2024-12-27 15:55:40.741,MCSLab RTT AP3,e4:5e:1b:a0:5e:85,-61,6836,560,6054521375,true
11-2,2024-12-27 15:55:40.741,MCSLab RTT AP1,24:29:34:e2:4c:36,-62,5210,1175,6054521375,true
11-2,2024-12-27 15:55:40.741,MCSLab RTT AP3,b0:e4:d5:88:16:86,-58,2508,1135,6054521375,true
11-2,2024-12-27 15:55:40.877,MCSLab RTT AP2,24:29:34:e1:ef:d4,-64,454,278,6054521511,true
11-2,2024-12-27 15:55:40.877,MCSLab RTT AP2,24:29:34:e1:ef:d4,-64,454,278,6054521511,true
11-2,2024-12-27 15:55:40.877,MCSLab RTT AP3,e4:5e:1b:a0:5e:85,-60,6865,579,6054521510,true
11-2,2024-12-27 15:55:40.877,MCSLab RTT AP2,24:29:34:e1:ef:d4,-64,454,278,6054521511,true
11-2,2024-12-27 15:55:40.877,MCSLab RTT AP3,e4:5e:1b:a0:5e:85,-60,6865,579,6054521510,true
11-2,2024-12-27 15:55:40.877,MCSLab RTT AP1,24:29:34:e2:4c:36,-68,5405,348,6054521511,true
11-2,2024-12-27 15:55:40.877,MCSLab RTT AP2,24:29:34:e1:ef:d4,-64,454,278,6054521511,true
11-2,2024-12-27 15:55:40.877,MCSLab RTT AP3,e4:5e:1b:a0:5e:85,-60,6865,579,6054521510,true
11-2,2024-12-27 15:55:40.877,MCSLab RTT AP1,24:29:34:e2:4c:36,-68,5405,348,6054521511,true
11-2,2024-12-27 15:55:40.877,MCSLab RTT AP3,b0:e4:d5:88:16:86,-60,2316,1566,6054521510,true
11-2,2024-12-27 15:55:41.025,MCSLab RTT AP2,24:29:34:e1:ef:d4,-64,483,202,6054521657,true
11-2,2024-12-27 15:55:41.025,MCSLab RTT AP2,24:29:34:e1:ef:d4,-64,483,202,6054521657,true
11-2,2024-12-27 15:55:41.025,MCSLab RTT AP3,e4:5e:1b:a0:5e:85,-61,6924,586,6054521657,true
11-2,2024-12-27 15:55:41.025,MCSLab RTT AP2,24:29:34:e1:ef:d4,-64,483,202,6054521657,true
11-2,2024-12-27 15:55:41.025,MCSLab RTT AP3,e4:5e:1b:a0:5e:85,-61,6924,586,6054521657,true
11-2,2024-12-27 15:55:41.025,MCSLab RTT AP1,24:29:34:e2:4c:36,-68,5444,415,6054521657,true
11-2,2024-12-27 15:55:41.025,MCSLab RTT AP2,24:29:34:e1:ef:d4,-64,483,202,6054521657,true
11-2,2024-12-27 15:55:41.025,MCSLab RTT AP3,e4:5e:1b:a0:5e:85,-61,6924,586,6054521657,true
11-2,2024-12-27 15:55:41.025,MCSLab RTT AP1,24:29:34:e2:4c:36,-68,5444,415,6054521657,true
11-2,2024-12-27 15:55:41.025,MCSLab RTT AP3,b0:e4:d5:88:16:86,-63,2469,1415,6054521657,true
11-2,2024-12-27 15:55:41.171,MCSLab RTT AP2,24:29:34:e1:ef:d4,-64,483,206,6054521802,true
11-2,2024-12-27 15:55:41.171,MCSLab RTT AP2,24:29:34:e1:ef:d4,-64,483,206,6054521802,true
11-2,2024-12-27 15:55:41.171,MCSLab RTT AP3,e4:5e:1b:a0:5e:85,-61,6836,626,6054521802,true
11-2,2024-12-27 15:55:41.171,MCSLab RTT AP2,24:29:34:e1:ef:d4,-64,483,206,6054521802,true
11-2,2024-12-27 15:55:41.171,MCSLab RTT AP3,e4:5e:1b:a0:5e:85,-61,6836,626,6054521802,true
11-2,2024-12-27 15:55:41.171,MCSLab RTT AP1,24:29:34:e2:4c:36,-68,5444,367,6054521802,true
11-2,2024-12-27 15:55:41.171,MCSLab RTT AP2,24:29:34:e1:ef:d4,-64,483,206,6054521802,true
11-2,2024-12-27 15:55:41.171,MCSLab RTT AP3,e4:5e:1b:a0:5e:85,-61,6836,626,6054521802,true
11-2,2024-12-27 15:55:41.171,MCSLab RTT AP1,24:29:34:e2:4c:36,-68,5444,367,6054521802,true
11-2,2024-12-27 15:55:41.171,MCSLab RTT AP3,b0:e4:d5:88:16:86,-63,2547,1225,6054521802,true
11-2,2024-12-27 15:55:41.315,MCSLab RTT AP2,24:29:34:e1:ef:d4,-64,571,136,6054521948,true
11-2,2024-12-27 15:55:41.315,MCSLab RTT AP2,24:29:34:e1:ef:d4,-64,571,136,6054521948,true
11-2,2024-12-27 15:55:41.315,MCSLab RTT AP3,e4:5e:1b:a0:5e:85,-61,6836,560,6054521948,true
11-2,2024-12-27 15:55:41.315,MCSLab RTT AP2,24:29:34:e1:ef:d4,-64,571,136,6054521948,true
11-2,2024-12-27 15:55:41.315,MCSLab RTT AP3,e4:5e:1b:a0:5e:85,-61,6836,560,6054521948,true
11-2,2024-12-27 15:55:41.315,MCSLab RTT AP1,24:29:34:e2:4c:36,-68,5405,403,6054521948,true
11-2,2024-12-27 15:55:41.315,MCSLab RTT AP2,24:29:34:e1:ef:d4,-64,571,136,6054521948,true
11-2,2024-12-27 15:55:41.315,MCSLab RTT AP3,e4:5e:1b:a0:5e:85,-61,6836,560,6054521948,true
11-2,2024-12-27 15:55:41.315,MCSLab RTT AP1,24:29:34:e2:4c:36,-68,5405,403,6054521948,true
11-2,2024-12-27 15:55:41.315,MCSLab RTT AP3,b0:e4:d5:88:16:86,-59,2547,1201,6054521948,true
11-2,2024-12-27 15:55:41.461,MCSLab RTT AP2,24:29:34:e1:ef:d4,-64,483,198,6054522094,true
11-2,2024-12-27 15:55:41.461,MCSLab RTT AP2,24:29:34:e1:ef:d4,-64,483,198,6054522094,true
11-2,2024-12-27 15:55:41.461,MCSLab RTT AP3,e4:5e:1b:a0:5e:85,-61,6777,645,6054522094,true
11-2,2024-12-27 15:55:41.461,MCSLab RTT AP2,24:29:34:e1:ef:d4,-64,483,198,6054522094,true
11-2,2024-12-27 15:55:41.461,MCSLab RTT AP3,e4:5e:1b:a0:5e:85,-61,6777,645,6054522094,true
11-2,2024-12-27 15:55:41.461,MCSLab RTT AP1,24:29:34:e2:4c:36,-68,5171,1043,6054522094,true
11-2,2024-12-27 15:55:41.461,MCSLab RTT AP2,24:29:34:e1:ef:d4,-64,483,198,6054522094,true
11-2,2024-12-27 15:55:41.461,MCSLab RTT AP3,e4:5e:1b:a0:5e:85,-61,6777,645,6054522094,true
11-2,2024-12-27 15:55:41.461,MCSLab RTT AP1,24:29:34:e2:4c:36,-68,5171,1043,6054522094,true
11-2,2024-12-27 15:55:41.461,MCSLab RTT AP3,b0:e4:d5:88:16:86,-63,2547,1220,6054522094,true
11-2,2024-12-27 15:55:41.611,MCSLab RTT AP2,24:29:34:e1:ef:d4,-64,542,116,6054522236,true
11-2,2024-12-27 15:55:41.611,MCSLab RTT AP2,24:29:34:e1:ef:d4,-64,542,116,6054522236,true
11-2,2024-12-27 15:55:41.611,MCSLab RTT AP3,e4:5e:1b:a0:5e:85,-61,6777,597,6054522236,true
11-2,2024-12-27 15:55:41.611,MCSLab RTT AP2,24:29:34:e1:ef:d4,-64,542,116,6054522236,true
11-2,2024-12-27 15:55:41.611,MCSLab RTT AP3,e4:5e:1b:a0:5e:85,-61,6777,597,6054522236,true
11-2,2024-12-27 15:55:41.611,MCSLab RTT AP1,24:29:34:e2:4c:36,-69,5444,410,6054522236,true
11-2,2024-12-27 15:55:41.611,MCSLab RTT AP2,24:29:34:e1:ef:d4,-64,542,116,6054522236,true
11-2,2024-12-27 15:55:41.611,MCSLab RTT AP3,e4:5e:1b:a0:5e:85,-61,6777,597,6054522236,true
11-2,2024-12-27 15:55:41.611,MCSLab RTT AP1,24:29:34:e2:4c:36,-69,5444,410,6054522236,true
11-2,2024-12-27 15:55:41.611,MCSLab RTT AP3,b0:e4:d5:88:16:86,-63,2469,1214,6054522236,true
11-2,2024-12-27 15:55:41.742,MCSLab RTT AP2,24:29:34:e1:ef:d4,-64,483,195,6054522375,true
11-2,2024-12-27 15:55:41.742,MCSLab RTT AP2,24:29:34:e1:ef:d4,-64,483,195,6054522375,true
11-2,2024-12-27 15:55:41.742,MCSLab RTT AP3,e4:5e:1b:a0:5e:85,-61,6631,618,6054522375,true
11-2,2024-12-27 15:55:41.742,MCSLab RTT AP2,24:29:34:e1:ef:d4,-64,483,195,6054522375,true
11-2,2024-12-27 15:55:41.742,MCSLab RTT AP3,e4:5e:1b:a0:5e:85,-61,6631,618,6054522375,true
11-2,2024-12-27 15:55:41.742,MCSLab RTT AP1,24:29:34:e2:4c:36,-69,5483,397,6054522375,true
11-2,2024-12-27 15:55:41.742,MCSLab RTT AP2,24:29:34:e1:ef:d4,-64,483,195,6054522375,true
11-2,2024-12-27 15:55:41.742,MCSLab RTT AP3,e4:5e:1b:a0:5e:85,-61,6631,618,6054522375,true
11-2,2024-12-27 15:55:41.742,MCSLab RTT AP1,24:29:34:e2:4c:36,-69,5483,397,6054522375,true
11-2,2024-12-27 15:55:41.742,MCSLab RTT AP3,b0:e4:d5:88:16:86,-63,2469,1212,6054522375,true
11-2,2024-12-27 15:55:41.884,MCSLab RTT AP2,24:29:34:e1:ef:d4,-64,542,238,6054522518,true
11-2,2024-12-27 15:55:41.884,MCSLab RTT AP2,24:29:34:e1:ef:d4,-64,542,238,6054522518,true
11-2,2024-12-27 15:55:41.884,MCSLab RTT AP3,e4:5e:1b:a0:5e:85,-61,6836,612,6054522517,true
11-2,2024-12-27 15:55:41.884,MCSLab RTT AP2,24:29:34:e1:ef:d4,-64,542,238,6054522518,true
11-2,2024-12-27 15:55:41.884,MCSLab RTT AP3,e4:5e:1b:a0:5e:85,-61,6836,612,6054522517,true
11-2,2024-12-27 15:55:41.884,MCSLab RTT AP1,24:29:34:e2:4c:36,-69,5171,538,6054522517,true
11-2,2024-12-27 15:55:41.884,MCSLab RTT AP2,24:29:34:e1:ef:d4,-64,542,238,6054522518,true
11-2,2024-12-27 15:55:41.884,MCSLab RTT AP3,e4:5e:1b:a0:5e:85,-61,6836,612,6054522517,true
11-2,2024-12-27 15:55:41.884,MCSLab RTT AP1,24:29:34:e2:4c:36,-69,5171,538,6054522517,true
11-2,2024-12-27 15:55:41.884,MCSLab RTT AP3,b0:e4:d5:88:16:86,-63,2391,1239,6054522517,true
11-2,2024-12-27 15:55:42.025,MCSLab RTT AP2,24:29:34:e1:ef:d4,-63,659,97,6054522658,true
11-2,2024-12-27 15:55:42.025,MCSLab RTT AP2,24:29:34:e1:ef:d4,-63,659,97,6054522658,true
11-2,2024-12-27 15:55:42.025,MCSLab RTT AP3,e4:5e:1b:a0:5e:85,-60,6748,568,6054522657,true
11-2,2024-12-27 15:55:42.025,MCSLab RTT AP2,24:29:34:e1:ef:d4,-63,659,97,6054522658,true
11-2,2024-12-27 15:55:42.025,MCSLab RTT AP3,e4:5e:1b:a0:5e:85,-60,6748,568,6054522657,true
11-2,2024-12-27 15:55:42.025,MCSLab RTT AP1,24:29:34:e2:4c:36,-69,5522,423,6054522657,true
11-2,2024-12-27 15:55:42.025,MCSLab RTT AP2,24:29:34:e1:ef:d4,-63,659,97,6054522658,true
11-2,2024-12-27 15:55:42.025,MCSLab RTT AP3,e4:5e:1b:a0:5e:85,-60,6748,568,6054522657,true
11-2,2024-12-27 15:55:42.025,MCSLab RTT AP1,24:29:34:e2:4c:36,-69,5522,423,6054522657,true
11-2,2024-12-27 15:55:42.025,MCSLab RTT AP3,b0:e4:d5:88:16:86,-61,2508,1379,6054522657,true
11-2,2024-12-27 15:55:42.157,MCSLab RTT AP2,24:29:34:e1:ef:d4,-63,630,86,6054522792,true
11-2,2024-12-27 15:55:42.157,MCSLab RTT AP2,24:29:34:e1:ef:d4,-63,630,86,6054522792,true
11-2,2024-12-27 15:55:42.157,MCSLab RTT AP3,e4:5e:1b:a0:5e:85,-61,6836,616,6054522791,true
11-2,2024-12-27 15:55:42.157,MCSLab RTT AP2,24:29:34:e1:ef:d4,-63,630,86,6054522792,true
11-2,2024-12-27 15:55:42.157,MCSLab RTT AP3,e4:5e:1b:a0:5e:85,-61,6836,616,6054522791,true
11-2,2024-12-27 15:55:42.157,MCSLab RTT AP1,24:29:34:e2:4c:36,-68,5327,433,6054522791,true
11-2,2024-12-27 15:55:42.157,MCSLab RTT AP2,24:29:34:e1:ef:d4,-63,630,86,6054522792,true
11-2,2024-12-27 15:55:42.157,MCSLab RTT AP3,e4:5e:1b:a0:5e:85,-61,6836,616,6054522791,true
11-2,2024-12-27 15:55:42.157,MCSLab RTT AP1,24:29:34:e2:4c:36,-68,5327,433,6054522791,true
11-2,2024-12-27 15:55:42.157,MCSLab RTT AP3,b0:e4:d5:88:16:86,-63,2547,1174,6054522791,true
11-2,2024-12-27 15:55:42.301,MCSLab RTT AP2,24:29:34:e1:ef:d4,-64,483,153,6054522935,true
11-2,2024-12-27 15:55:42.301,MCSLab RTT AP2,24:29:34:e1:ef:d4,-64,483,153,6054522935,true
11-2,2024-12-27 15:55:42.301,MCSLab RTT AP3,e4:5e:1b:a0:5e:85,-62,6894,642,6054522935,true
11-2,2024-12-27 15:55:42.301,MCSLab RTT AP2,24:29:34:e1:ef:d4,-64,483,153,6054522935,true
11-2,2024-12-27 15:55:42.301,MCSLab RTT AP3,e4:5e:1b:a0:5e:85,-62,6894,642,6054522935,true
11-2,2024-12-27 15:55:42.301,MCSLab RTT AP1,24:29:34:e2:4c:36,-69,5288,567,6054522935,true
11-2,2024-12-27 15:55:42.301,MCSLab RTT AP2,24:29:34:e1:ef:d4,-64,483,153,6054522935,true
11-2,2024-12-27 15:55:42.301,MCSLab RTT AP3,e4:5e:1b:a0:5e:85,-62,6894,642,6054522935,true
11-2,2024-12-27 15:55:42.301,MCSLab RTT AP1,24:29:34:e2:4c:36,-69,5288,567,6054522935,true
11-2,2024-12-27 15:55:42.301,MCSLab RTT AP3,b0:e4:d5:88:16:86,-63,2508,1180,6054522935,true
11-2,2024-12-27 15:55:42.446,MCSLab RTT AP2,24:29:34:e1:ef:d4,-64,366,215,6054523078,true
11-2,2024-12-27 15:55:42.446,MCSLab RTT AP2,24:29:34:e1:ef:d4,-64,366,215,6054523078,true
11-2,2024-12-27 15:55:42.446,MCSLab RTT AP3,e4:5e:1b:a0:5e:85,-61,7012,471,6054523078,true
11-2,2024-12-27 15:55:42.446,MCSLab RTT AP2,24:29:34:e1:ef:d4,-64,366,215,6054523078,true
11-2,2024-12-27 15:55:42.446,MCSLab RTT AP3,e4:5e:1b:a0:5e:85,-61,7012,471,6054523078,true
11-2,2024-12-27 15:55:42.446,MCSLab RTT AP1,24:29:34:e2:4c:36,-69,5288,508,6054523078,true
11-2,2024-12-27 15:55:42.446,MCSLab RTT AP2,24:29:34:e1:ef:d4,-64,366,215,6054523078,true
11-2,2024-12-27 15:55:42.446,MCSLab RTT AP3,e4:5e:1b:a0:5e:85,-61,7012,471,6054523078,true
11-2,2024-12-27 15:55:42.446,MCSLab RTT AP1,24:29:34:e2:4c:36,-69,5288,508,6054523078,true
11-2,2024-12-27 15:55:42.446,MCSLab RTT AP3,b0:e4:d5:88:16:86,-58,2508,1126,6054523078,true
11-2,2024-12-27 15:55:42.593,MCSLab RTT AP2,24:29:34:e1:ef:d4,-64,278,283,6054523226,true
11-2,2024-12-27 15:55:42.593,MCSLab RTT AP2,24:29:34:e1:ef:d4,-64,278,283,6054523226,true
11-2,2024-12-27 15:55:42.593,MCSLab RTT AP3,e4:5e:1b:a0:5e:85,-61,6719,666,6054523226,true
11-2,2024-12-27 15:55:42.593,MCSLab RTT AP2,24:29:34:e1:ef:d4,-64,278,283,6054523226,true
11-2,2024-12-27 15:55:42.593,MCSLab RTT AP3,e4:5e:1b:a0:5e:85,-61,6719,666,6054523226,true
11-2,2024-12-27 15:55:42.593,MCSLab RTT AP1,24:29:34:e2:4c:36,-69,5366,534,6054523226,true
11-2,2024-12-27 15:55:42.593,MCSLab RTT AP2,24:29:34:e1:ef:d4,-64,278,283,6054523226,true
11-2,2024-12-27 15:55:42.593,MCSLab RTT AP3,e4:5e:1b:a0:5e:85,-61,6719,666,6054523226,true
11-2,2024-12-27 15:55:42.593,MCSLab RTT AP1,24:29:34:e2:4c:36,-69,5366,534,6054523226,true
11-2,2024-12-27 15:55:42.593,MCSLab RTT AP3,b0:e4:d5:88:16:86,-63,2625,1180,6054523226,true
11-2,2024-12-27 15:55:42.737,MCSLab RTT AP2,24:29:34:e1:ef:d4,-64,571,278,6054523370,true
11-2,2024-12-27 15:55:42.737,MCSLab RTT AP2,24:29:34:e1:ef:d4,-64,571,278,6054523370,true
11-2,2024-12-27 15:55:42.737,MCSLab RTT AP3,e4:5e:1b:a0:5e:85,-62,6865,560,6054523370,true
11-2,2024-12-27 15:55:42.737,MCSLab RTT AP2,24:29:34:e1:ef:d4,-64,571,278,6054523370,true
11-2,2024-12-27 15:55:42.737,MCSLab RTT AP3,e4:5e:1b:a0:5e:85,-62,6865,560,6054523370,true
11-2,2024-12-27 15:55:42.737,MCSLab RTT AP1,24:29:34:e2:4c:36,-69,5366,407,6054523370,true
11-2,2024-12-27 15:55:42.737,MCSLab RTT AP2,24:29:34:e1:ef:d4,-64,571,278,6054523370,true
11-2,2024-12-27 15:55:42.737,MCSLab RTT AP3,e4:5e:1b:a0:5e:85,-62,6865,560,6054523370,true
11-2,2024-12-27 15:55:42.737,MCSLab RTT AP1,24:29:34:e2:4c:36,-69,5366,407,6054523370,true
11-2,2024-12-27 15:55:42.737,MCSLab RTT AP3,b0:e4:d5:88:16:86,-61,2277,1400,6054523370,true
11-2,2024-12-27 15:55:42.881,MCSLab RTT AP2,24:29:34:e1:ef:d4,-64,454,272,6054523513,true
11-2,2024-12-27 15:55:42.881,MCSLab RTT AP2,24:29:34:e1:ef:d4,-64,454,272,6054523513,true
11-2,2024-12-27 15:55:42.881,MCSLab RTT AP3,e4:5e:1b:a0:5e:85,-62,6807,586,6054523513,true
11-2,2024-12-27 15:55:42.881,MCSLab RTT AP2,24:29:34:e1:ef:d4,-64,454,272,6054523513,true
11-2,2024-12-27 15:55:42.881,MCSLab RTT AP3,e4:5e:1b:a0:5e:85,-62,6807,586,6054523513,true
11-2,2024-12-27 15:55:42.881,MCSLab RTT AP1,24:29:34:e2:4c:36,-69,5405,407,6054523513,true
11-2,2024-12-27 15:55:42.881,MCSLab RTT AP2,24:29:34:e1:ef:d4,-64,454,272,6054523513,true
11-2,2024-12-27 15:55:42.881,MCSLab RTT AP3,e4:5e:1b:a0:5e:85,-62,6807,586,6054523513,true
11-2,2024-12-27 15:55:42.881,MCSLab RTT AP1,24:29:34:e2:4c:36,-69,5405,407,6054523513,true
11-2,2024-12-27 15:55:42.881,MCSLab RTT AP3,b0:e4:d5:88:16:86,-58,2508,1431,6054523513,true
11-2,2024-12-27 15:55:43.029,MCSLab RTT AP2,24:29:34:e1:ef:d4,-64,561,159,6054523661,true
11-2,2024-12-27 15:55:43.029,MCSLab RTT AP2,24:29:34:e1:ef:d4,-64,561,159,6054523661,true
11-2,2024-12-27 15:55:43.029,MCSLab RTT AP3,e4:5e:1b:a0:5e:85,-62,6807,544,6054523661,true
11-2,2024-12-27 15:55:43.029,MCSLab RTT AP2,24:29:34:e1:ef:d4,-64,561,159,6054523661,true
11-2,2024-12-27 15:55:43.029,MCSLab RTT AP3,e4:5e:1b:a0:5e:85,-62,6807,544,6054523661,true
11-2,2024-12-27 15:55:43.029,MCSLab RTT AP1,24:29:34:e2:4c:36,-69,5444,388,6054523661,true
11-2,2024-12-27 15:55:43.029,MCSLab RTT AP2,24:29:34:e1:ef:d4,-64,561,159,6054523661,true
11-2,2024-12-27 15:55:43.029,MCSLab RTT AP3,e4:5e:1b:a0:5e:85,-62,6807,544,6054523661,true
11-2,2024-12-27 15:55:43.029,MCSLab RTT AP1,24:29:34:e2:4c:36,-69,5444,388,6054523661,true
11-2,2024-12-27 15:55:43.029,MCSLab RTT AP3,b0:e4:d5:88:16:86,-58,2664,1194,6054523661,true
11-2,2024-12-27 15:55:43.173,MCSLab RTT AP2,24:29:34:e1:ef:d4,-64,513,292,6054523808,true
11-2,2024-12-27 15:55:43.173,MCSLab RTT AP2,24:29:34:e1:ef:d4,-64,513,292,6054523808,true
11-2,2024-12-27 15:55:43.173,MCSLab RTT AP3,e4:5e:1b:a0:5e:85,-62,6748,599,6054523808,true
11-2,2024-12-27 15:55:43.173,MCSLab RTT AP2,24:29:34:e1:ef:d4,-64,513,292,6054523808,true
11-2,2024-12-27 15:55:43.173,MCSLab RTT AP3,e4:5e:1b:a0:5e:85,-62,6748,599,6054523808,true
11-2,2024-12-27 15:55:43.173,MCSLab RTT AP1,24:29:34:e2:4c:36,-69,5444,434,6054523808,true
11-2,2024-12-27 15:55:43.173,MCSLab RTT AP2,24:29:34:e1:ef:d4,-64,513,292,6054523808,true
11-2,2024-12-27 15:55:43.173,MCSLab RTT AP3,e4:5e:1b:a0:5e:85,-62,6748,599,6054523808,true
11-2,2024-12-27 15:55:43.173,MCSLab RTT AP1,24:29:34:e2:4c:36,-69,5444,434,6054523808,true
11-2,2024-12-27 15:55:43.173,MCSLab RTT AP3,b0:e4:d5:88:16:86,-64,2586,1123,6054523808,true
11-2,2024-12-27 15:55:43.310,MCSLab RTT AP2,24:29:34:e1:ef:d4,-64,395,324,6054523943,true
11-2,2024-12-27 15:55:43.310,MCSLab RTT AP2,24:29:34:e1:ef:d4,-64,395,324,6054523943,true
11-2,2024-12-27 15:55:43.310,MCSLab RTT AP3,e4:5e:1b:a0:5e:85,-62,6895,470,6054523943,true
11-2,2024-12-27 15:55:43.310,MCSLab RTT AP2,24:29:34:e1:ef:d4,-64,395,324,6054523943,true
11-2,2024-12-27 15:55:43.310,MCSLab RTT AP3,e4:5e:1b:a0:5e:85,-62,6895,470,6054523943,true
11-2,2024-12-27 15:55:43.310,MCSLab RTT AP1,24:29:34:e2:4c:36,-69,5405,452,6054523943,true
11-2,2024-12-27 15:55:43.310,MCSLab RTT AP2,24:29:34:e1:ef:d4,-64,395,324,6054523943,true
11-2,2024-12-27 15:55:43.310,MCSLab RTT AP3,e4:5e:1b:a0:5e:85,-62,6895,470,6054523943,true
11-2,2024-12-27 15:55:43.310,MCSLab RTT AP1,24:29:34:e2:4c:36,-69,5405,452,6054523943,true
11-2,2024-12-27 15:55:43.310,MCSLab RTT AP3,b0:e4:d5:88:16:86,-64,2664,1100,6054523943,true
11-2,2024-12-27 15:55:43.445,MCSLab RTT AP2,24:29:34:e1:ef:d4,-64,483,224,6054524079,true
11-2,2024-12-27 15:55:43.445,MCSLab RTT AP2,24:29:34:e1:ef:d4,-64,483,224,6054524079,true
11-2,2024-12-27 15:55:43.445,MCSLab RTT AP3,e4:5e:1b:a0:5e:85,-62,6660,641,6054524079,true
11-2,2024-12-27 15:55:43.445,MCSLab RTT AP2,24:29:34:e1:ef:d4,-64,483,224,6054524079,true
11-2,2024-12-27 15:55:43.445,MCSLab RTT AP3,e4:5e:1b:a0:5e:85,-62,6660,641,6054524079,true
11-2,2024-12-27 15:55:43.445,MCSLab RTT AP1,24:29:34:e2:4c:36,-69,5366,505,6054524079,true
11-2,2024-12-27 15:55:43.445,MCSLab RTT AP2,24:29:34:e1:ef:d4,-64,483,224,6054524079,true
11-2,2024-12-27 15:55:43.445,MCSLab RTT AP3,e4:5e:1b:a0:5e:85,-62,6660,641,6054524079,true
11-2,2024-12-27 15:55:43.445,MCSLab RTT AP1,24:29:34:e2:4c:36,-69,5366,505,6054524079,true
11-2,2024-12-27 15:55:43.445,MCSLab RTT AP3,b0:e4:d5:88:16:86,-64,2664,1142,6054524079,true
11-2,2024-12-27 15:55:43.592,MCSLab RTT AP2,24:29:34:e1:ef:d4,-64,522,303,6054524224,true
11-2,2024-12-27 15:55:43.592,MCSLab RTT AP2,24:29:34:e1:ef:d4,-64,522,303,6054524224,true
11-2,2024-12-27 15:55:43.592,MCSLab RTT AP3,e4:5e:1b:a0:5e:85,-61,6865,591,6054524224,true
11-2,2024-12-27 15:55:43.592,MCSLab RTT AP2,24:29:34:e1:ef:d4,-64,522,303,6054524224,true
11-2,2024-12-27 15:55:43.592,MCSLab RTT AP3,e4:5e:1b:a0:5e:85,-61,6865,591,6054524224,true
11-2,2024-12-27 15:55:43.592,MCSLab RTT AP1,24:29:34:e2:4c:36,-69,5249,546,6054524224,true
11-2,2024-12-27 15:55:43.592,MCSLab RTT AP2,24:29:34:e1:ef:d4,-64,522,303,6054524224,true
11-2,2024-12-27 15:55:43.592,MCSLab RTT AP3,e4:5e:1b:a0:5e:85,-61,6865,591,6054524224,true
11-2,2024-12-27 15:55:43.592,MCSLab RTT AP1,24:29:34:e2:4c:36,-69,5249,546,6054524224,true
11-2,2024-12-27 15:55:43.592,MCSLab RTT AP3,b0:e4:d5:88:16:86,-64,2664,1134,6054524224,true
11-2,2024-12-27 15:55:43.738,MCSLab RTT AP2,24:29:34:e1:ef:d4,-64,395,242,6054524369,true
11-2,2024-12-27 15:55:43.738,MCSLab RTT AP2,24:29:34:e1:ef:d4,-64,395,242,6054524369,true
11-2,2024-12-27 15:55:43.738,MCSLab RTT AP3,e4:5e:1b:a0:5e:85,-62,6865,502,6054524369,true
11-2,2024-12-27 15:55:43.738,MCSLab RTT AP2,24:29:34:e1:ef:d4,-64,395,242,6054524369,true
11-2,2024-12-27 15:55:43.738,MCSLab RTT AP3,e4:5e:1b:a0:5e:85,-62,6865,502,6054524369,true
11-2,2024-12-27 15:55:43.738,MCSLab RTT AP1,24:29:34:e2:4c:36,-69,5405,496,6054524369,true
11-2,2024-12-27 15:55:43.738,MCSLab RTT AP2,24:29:34:e1:ef:d4,-64,395,242,6054524369,true
11-2,2024-12-27 15:55:43.738,MCSLab RTT AP3,e4:5e:1b:a0:5e:85,-62,6865,502,6054524369,true
11-2,2024-12-27 15:55:43.738,MCSLab RTT AP1,24:29:34:e2:4c:36,-69,5405,496,6054524369,true
11-2,2024-12-27 15:55:43.738,MCSLab RTT AP3,b0:e4:d5:88:16:86,-64,2586,1137,6054524369,true
11-2,2024-12-27 15:55:43.882,MCSLab RTT AP2,24:29:34:e1:ef:d4,-64,395,237,6054524515,true
11-2,2024-12-27 15:55:43.882,MCSLab RTT AP2,24:29:34:e1:ef:d4,-64,395,237,6054524515,true
11-2,2024-12-27 15:55:43.882,MCSLab RTT AP3,e4:5e:1b:a0:5e:85,-61,6836,594,6054524515,true
11-2,2024-12-27 15:55:43.882,MCSLab RTT AP2,24:29:34:e1:ef:d4,-64,395,237,6054524515,true
11-2,2024-12-27 15:55:43.882,MCSLab RTT AP3,e4:5e:1b:a0:5e:85,-61,6836,594,6054524515,true
11-2,2024-12-27 15:55:43.882,MCSLab RTT AP1,24:29:34:e2:4c:36,-69,5171,610,6054524515,true
11-2,2024-12-27 15:55:43.882,MCSLab RTT AP2,24:29:34:e1:ef:d4,-64,395,237,6054524515,true
11-2,2024-12-27 15:55:43.882,MCSLab RTT AP3,e4:5e:1b:a0:5e:85,-61,6836,594,6054524515,true
11-2,2024-12-27 15:55:43.882,MCSLab RTT AP1,24:29:34:e2:4c:36,-69,5171,610,6054524515,true
11-2,2024-12-27 15:55:43.882,MCSLab RTT AP3,b0:e4:d5:88:16:86,-62,2625,1263,6054524515,true
11-2,2024-12-27 15:55:44.024,MCSLab RTT AP2,24:29:34:e1:ef:d4,-64,425,394,6054524657,true
11-2,2024-12-27 15:55:44.024,MCSLab RTT AP2,24:29:34:e1:ef:d4,-64,425,394,6054524657,true
11-2,2024-12-27 15:55:44.024,MCSLab RTT AP3,e4:5e:1b:a0:5e:85,-62,6836,499,6054524657,true
11-2,2024-12-27 15:55:44.024,MCSLab RTT AP2,24:29:34:e1:ef:d4,-64,425,394,6054524657,true
11-2,2024-12-27 15:55:44.024,MCSLab RTT AP3,e4:5e:1b:a0:5e:85,-62,6836,499,6054524657,true
11-2,2024-12-27 15:55:44.024,MCSLab RTT AP1,24:29:34:e2:4c:36,-69,5405,480,6054524657,true
11-2,2024-12-27 15:55:44.024,MCSLab RTT AP2,24:29:34:e1:ef:d4,-64,425,394,6054524657,true
11-2,2024-12-27 15:55:44.024,MCSLab RTT AP3,e4:5e:1b:a0:5e:85,-62,6836,499,6054524657,true
11-2,2024-12-27 15:55:44.024,MCSLab RTT AP1,24:29:34:e2:4c:36,-69,5405,480,6054524657,true
11-2,2024-12-27 15:55:44.024,MCSLab RTT AP3,b0:e4:d5:88:16:86,-64,2586,1183,6054524657,true
11-2,2024-12-27 15:55:44.173,MCSLab RTT AP2,24:29:34:e1:ef:d4,-64,366,224,6054524799,true
11-2,2024-12-27 15:55:44.173,MCSLab RTT AP2,24:29:34:e1:ef:d4,-64,366,224,6054524799,true
11-2,2024-12-27 15:55:44.173,MCSLab RTT AP3,e4:5e:1b:a0:5e:85,-60,6836,501,6054524798,true
11-2,2024-12-27 15:55:44.173,MCSLab RTT AP2,24:29:34:e1:ef:d4,-64,366,224,6054524799,true
11-2,2024-12-27 15:55:44.173,MCSLab RTT AP3,e4:5e:1b:a0:5e:85,-60,6836,501,6054524798,true
11-2,2024-12-27 15:55:44.173,MCSLab RTT AP1,24:29:34:e2:4c:36,-69,5405,568,6054524799,true
11-2,2024-12-27 15:55:44.173,MCSLab RTT AP2,24:29:34:e1:ef:d4,-64,366,224,6054524799,true
11-2,2024-12-27 15:55:44.173,MCSLab RTT AP3,e4:5e:1b:a0:5e:85,-60,6836,501,6054524798,true
11-2,2024-12-27 15:55:44.173,MCSLab RTT AP1,24:29:34:e2:4c:36,-69,5405,568,6054524799,true
11-2,2024-12-27 15:55:44.173,MCSLab RTT AP3,b0:e4:d5:88:16:86,-64,2625,1176,6054524798,true
11-2,2024-12-27 15:55:44.311,MCSLab RTT AP2,24:29:34:e1:ef:d4,-64,454,290,6054524942,true
11-2,2024-12-27 15:55:44.311,MCSLab RTT AP2,24:29:34:e1:ef:d4,-64,454,290,6054524942,true
11-2,2024-12-27 15:55:44.311,MCSLab RTT AP3,e4:5e:1b:a0:5e:85,-62,6748,606,6054524942,true
11-2,2024-12-27 15:55:44.311,MCSLab RTT AP2,24:29:34:e1:ef:d4,-64,454,290,6054524942,true
11-2,2024-12-27 15:55:44.311,MCSLab RTT AP3,e4:5e:1b:a0:5e:85,-62,6748,606,6054524942,true
11-2,2024-12-27 15:55:44.311,MCSLab RTT AP1,24:29:34:e2:4c:36,-69,5483,550,6054524942,true
11-2,2024-12-27 15:55:44.311,MCSLab RTT AP2,24:29:34:e1:ef:d4,-64,454,290,6054524942,true
11-2,2024-12-27 15:55:44.311,MCSLab RTT AP3,e4:5e:1b:a0:5e:85,-62,6748,606,6054524942,true
11-2,2024-12-27 15:55:44.311,MCSLab RTT AP1,24:29:34:e2:4c:36,-69,5483,550,6054524942,true
11-2,2024-12-27 15:55:44.311,MCSLab RTT AP3,b0:e4:d5:88:16:86,-64,2586,1155,6054524942,true
11-2,2024-12-27 15:55:44.457,MCSLab RTT AP2,24:29:34:e1:ef:d4,-64,337,211,6054525091,true
11-2,2024-12-27 15:55:44.457,MCSLab RTT AP2,24:29:34:e1:ef:d4,-64,337,211,6054525091,true
11-2,2024-12-27 15:55:44.457,MCSLab RTT AP3,e4:5e:1b:a0:5e:85,-62,6777,657,6054525091,true
11-2,2024-12-27 15:55:44.457,MCSLab RTT AP2,24:29:34:e1:ef:d4,-64,337,211,6054525091,true
11-2,2024-12-27 15:55:44.457,MCSLab RTT AP3,e4:5e:1b:a0:5e:85,-62,6777,657,6054525091,true
11-2,2024-12-27 15:55:44.457,MCSLab RTT AP1,24:29:34:e2:4c:36,-69,5249,533,6054525091,true
11-2,2024-12-27 15:55:44.457,MCSLab RTT AP2,24:29:34:e1:ef:d4,-64,337,211,6054525091,true
11-2,2024-12-27 15:55:44.457,MCSLab RTT AP3,e4:5e:1b:a0:5e:85,-62,6777,657,6054525091,true
11-2,2024-12-27 15:55:44.457,MCSLab RTT AP1,24:29:34:e2:4c:36,-69,5249,533,6054525091,true
11-2,2024-12-27 15:55:44.457,MCSLab RTT AP3,b0:e4:d5:88:16:86,-59,2547,1158,6054525090,true
11-2,2024-12-27 15:55:44.605,MCSLab RTT AP2,24:29:34:e1:ef:d4,-64,395,285,6054525237,true
11-2,2024-12-27 15:55:44.605,MCSLab RTT AP2,24:29:34:e1:ef:d4,-64,395,285,6054525237,true
11-2,2024-12-27 15:55:44.605,MCSLab RTT AP3,e4:5e:1b:a0:5e:85,-60,6836,566,6054525237,true
11-2,2024-12-27 15:55:44.605,MCSLab RTT AP2,24:29:34:e1:ef:d4,-64,395,285,6054525237,true
11-2,2024-12-27 15:55:44.605,MCSLab RTT AP3,e4:5e:1b:a0:5e:85,-60,6836,566,6054525237,true
11-2,2024-12-27 15:55:44.605,MCSLab RTT AP1,24:29:34:e2:4c:36,-69,5171,595,6054525237,true
11-2,2024-12-27 15:55:44.605,MCSLab RTT AP2,24:29:34:e1:ef:d4,-64,395,285,6054525237,true
11-2,2024-12-27 15:55:44.605,MCSLab RTT AP3,e4:5e:1b:a0:5e:85,-60,6836,566,6054525237,true
11-2,2024-12-27 15:55:44.605,MCSLab RTT AP1,24:29:34:e2:4c:36,-69,5171,595,6054525237,true
11-2,2024-12-27 15:55:44.605,MCSLab RTT AP3,b0:e4:d5:88:16:86,-62,2355,1317,6054525237,true
11-2,2024-12-27 15:55:44.753,MCSLab RTT AP2,24:29:34:e1:ef:d4,-64,483,249,6054525385,true
11-2,2024-12-27 15:55:44.753,MCSLab RTT AP2,24:29:34:e1:ef:d4,-64,483,249,6054525385,true
11-2,2024-12-27 15:55:44.753,MCSLab RTT AP3,e4:5e:1b:a0:5e:85,-62,6777,660,6054525385,true
11-2,2024-12-27 15:55:44.753,MCSLab RTT AP2,24:29:34:e1:ef:d4,-64,483,249,6054525385,true
11-2,2024-12-27 15:55:44.753,MCSLab RTT AP3,e4:5e:1b:a0:5e:85,-62,6777,660,6054525385,true
11-2,2024-12-27 15:55:44.753,MCSLab RTT AP1,24:29:34:e2:4c:36,-69,5327,548,6054525385,true
11-2,2024-12-27 15:55:44.753,MCSLab RTT AP2,24:29:34:e1:ef:d4,-64,483,249,6054525385,true
11-2,2024-12-27 15:55:44.753,MCSLab RTT AP3,e4:5e:1b:a0:5e:85,-62,6777,660,6054525385,true
11-2,2024-12-27 15:55:44.753,MCSLab RTT AP1,24:29:34:e2:4c:36,-69,5327,548,6054525385,true
11-2,2024-12-27 15:55:44.753,MCSLab RTT AP3,b0:e4:d5:88:16:86,-64,2703,1121,6054525385,true
11-2,2024-12-27 15:55:44.896,MCSLab RTT AP2,24:29:34:e1:ef:d4,-64,220,339,6054525530,true
11-2,2024-12-27 15:55:44.896,MCSLab RTT AP2,24:29:34:e1:ef:d4,-64,220,339,6054525530,true
11-2,2024-12-27 15:55:44.896,MCSLab RTT AP3,e4:5e:1b:a0:5e:85,-60,6894,585,6054525530,true
11-2,2024-12-27 15:55:44.896,MCSLab RTT AP2,24:29:34:e1:ef:d4,-64,220,339,6054525530,true
11-2,2024-12-27 15:55:44.896,MCSLab RTT AP3,e4:5e:1b:a0:5e:85,-60,6894,585,6054525530,true
11-2,2024-12-27 15:55:44.896,MCSLab RTT AP1,24:29:34:e2:4c:36,-69,5444,445,6054525530,true
11-2,2024-12-27 15:55:44.896,MCSLab RTT AP2,24:29:34:e1:ef:d4,-64,220,339,6054525530,true
11-2,2024-12-27 15:55:44.896,MCSLab RTT AP3,e4:5e:1b:a0:5e:85,-60,6894,585,6054525530,true
11-2,2024-12-27 15:55:44.896,MCSLab RTT AP1,24:29:34:e2:4c:36,-69,5444,445,6054525530,true
11-2,2024-12-27 15:55:44.896,MCSLab RTT AP3,b0:e4:d5:88:16:86,-62,2547,1300,6054525530,true
11-2,2024-12-27 15:55:45.040,MCSLab RTT AP2,24:29:34:e1:ef:d4,-64,278,299,6054525673,true
11-2,2024-12-27 15:55:45.040,MCSLab RTT AP2,24:29:34:e1:ef:d4,-64,278,299,6054525673,true
11-2,2024-12-27 15:55:45.040,MCSLab RTT AP3,e4:5e:1b:a0:5e:85,-62,6748,683,6054525673,true
11-2,2024-12-27 15:55:45.040,MCSLab RTT AP2,24:29:34:e1:ef:d4,-64,278,299,6054525673,true
11-2,2024-12-27 15:55:45.040,MCSLab RTT AP3,e4:5e:1b:a0:5e:85,-62,6748,683,6054525673,true
11-2,2024-12-27 15:55:45.040,MCSLab RTT AP1,24:29:34:e2:4c:36,-60,5361,981,6054525673,true
11-2,2024-12-27 15:55:45.040,MCSLab RTT AP2,24:29:34:e1:ef:d4,-64,278,299,6054525673,true
11-2,2024-12-27 15:55:45.040,MCSLab RTT AP3,e4:5e:1b:a0:5e:85,-62,6748,683,6054525673,true
11-2,2024-12-27 15:55:45.040,MCSLab RTT AP1,24:29:34:e2:4c:36,-60,5361,981,6054525673,true
11-2,2024-12-27 15:55:45.040,MCSLab RTT AP3,b0:e4:d5:88:16:86,-63,2664,1161,6054525673,true
11-2,2024-12-27 15:55:45.194,MCSLab RTT AP2,24:29:34:e1:ef:d4,-64,249,336,6054525817,true
11-2,2024-12-27 15:55:45.194,MCSLab RTT AP2,24:29:34:e1:ef:d4,-64,249,336,6054525817,true
11-2,2024-12-27 15:55:45.194,MCSLab RTT AP3,e4:5e:1b:a0:5e:85,-62,6689,738,6054525817,true
11-2,2024-12-27 15:55:45.194,MCSLab RTT AP2,24:29:34:e1:ef:d4,-64,249,336,6054525817,true
11-2,2024-12-27 15:55:45.194,MCSLab RTT AP3,e4:5e:1b:a0:5e:85,-62,6689,738,6054525817,true
11-2,2024-12-27 15:55:45.194,MCSLab RTT AP1,24:29:34:e2:4c:36,-69,5327,466,6054525817,true
11-2,2024-12-27 15:55:45.194,MCSLab RTT AP2,24:29:34:e1:ef:d4,-64,249,336,6054525817,true
11-2,2024-12-27 15:55:45.194,MCSLab RTT AP3,e4:5e:1b:a0:5e:85,-62,6689,738,6054525817,true
11-2,2024-12-27 15:55:45.194,MCSLab RTT AP1,24:29:34:e2:4c:36,-69,5327,466,6054525817,true
11-2,2024-12-27 15:55:45.194,MCSLab RTT AP3,b0:e4:d5:88:16:86,-63,2547,1202,6054525817,true
11-2,2024-12-27 15:55:45.329,MCSLab RTT AP2,24:29:34:e1:ef:d4,-64,366,329,6054525961,true
11-2,2024-12-27 15:55:45.329,MCSLab RTT AP2,24:29:34:e1:ef:d4,-64,366,329,6054525961,true
11-2,2024-12-27 15:55:45.329,MCSLab RTT AP3,e4:5e:1b:a0:5e:85,-60,6865,554,6054525961,true
11-2,2024-12-27 15:55:45.329,MCSLab RTT AP2,24:29:34:e1:ef:d4,-64,366,329,6054525961,true
11-2,2024-12-27 15:55:45.329,MCSLab RTT AP3,e4:5e:1b:a0:5e:85,-60,6865,554,6054525961,true
11-2,2024-12-27 15:55:45.329,MCSLab RTT AP1,24:29:34:e2:4c:36,-69,5327,610,6054525961,true
11-2,2024-12-27 15:55:45.329,MCSLab RTT AP2,24:29:34:e1:ef:d4,-64,366,329,6054525961,true
11-2,2024-12-27 15:55:45.329,MCSLab RTT AP3,e4:5e:1b:a0:5e:85,-60,6865,554,6054525961,true
11-2,2024-12-27 15:55:45.329,MCSLab RTT AP1,24:29:34:e2:4c:36,-69,5327,610,6054525961,true
11-2,2024-12-27 15:55:45.329,MCSLab RTT AP3,b0:e4:d5:88:16:86,-63,2703,1132,6054525961,true
11-2,2024-12-27 15:55:45.472,MCSLab RTT AP2,24:29:34:e1:ef:d4,-64,395,258,6054526104,true
11-2,2024-12-27 15:55:45.472,MCSLab RTT AP2,24:29:34:e1:ef:d4,-64,395,258,6054526104,true
11-2,2024-12-27 15:55:45.472,MCSLab RTT AP3,e4:5e:1b:a0:5e:85,-62,6836,559,6054526103,true
11-2,2024-12-27 15:55:45.472,MCSLab RTT AP2,24:29:34:e1:ef:d4,-64,395,258,6054526104,true
11-2,2024-12-27 15:55:45.472,MCSLab RTT AP3,e4:5e:1b:a0:5e:85,-62,6836,559,6054526103,true
11-2,2024-12-27 15:55:45.472,MCSLab RTT AP1,24:29:34:e2:4c:36,-69,5171,644,6054526103,true
11-2,2024-12-27 15:55:45.472,MCSLab RTT AP2,24:29:34:e1:ef:d4,-64,395,258,6054526104,true
11-2,2024-12-27 15:55:45.472,MCSLab RTT AP3,e4:5e:1b:a0:5e:85,-62,6836,559,6054526103,true
11-2,2024-12-27 15:55:45.472,MCSLab RTT AP1,24:29:34:e2:4c:36,-69,5171,644,6054526103,true
11-2,2024-12-27 15:55:45.472,MCSLab RTT AP3,b0:e4:d5:88:16:86,-64,2508,1163,6054526103,true
11-2,2024-12-27 15:55:45.617,MCSLab RTT AP2,24:29:34:e1:ef:d4,-64,425,279,6054526250,true
11-2,2024-12-27 15:55:45.617,MCSLab RTT AP2,24:29:34:e1:ef:d4,-64,425,279,6054526250,true
11-2,2024-12-27 15:55:45.617,MCSLab RTT AP3,e4:5e:1b:a0:5e:85,-62,6777,531,6054526250,true
11-2,2024-12-27 15:55:45.617,MCSLab RTT AP2,24:29:34:e1:ef:d4,-64,425,279,6054526250,true
11-2,2024-12-27 15:55:45.617,MCSLab RTT AP3,e4:5e:1b:a0:5e:85,-62,6777,531,6054526250,true
11-2,2024-12-27 15:55:45.617,MCSLab RTT AP1,24:29:34:e2:4c:36,-69,5327,527,6054526250,true
11-2,2024-12-27 15:55:45.617,MCSLab RTT AP2,24:29:34:e1:ef:d4,-64,425,279,6054526250,true
11-2,2024-12-27 15:55:45.617,MCSLab RTT AP3,e4:5e:1b:a0:5e:85,-62,6777,531,6054526250,true
11-2,2024-12-27 15:55:45.617,MCSLab RTT AP1,24:29:34:e2:4c:36,-69,5327,527,6054526250,true
11-2,2024-12-27 15:55:45.617,MCSLab RTT AP3,b0:e4:d5:88:16:86,-59,2391,1460,6054526249,true
11-2,2024-12-27 15:55:45.762,MCSLab RTT AP2,24:29:34:e1:ef:d4,-64,483,261,6054526397,true
11-2,2024-12-27 15:55:45.762,MCSLab RTT AP2,24:29:34:e1:ef:d4,-64,483,261,6054526397,true
11-2,2024-12-27 15:55:45.762,MCSLab RTT AP3,e4:5e:1b:a0:5e:85,-62,6865,634,6054526397,true
11-2,2024-12-27 15:55:45.762,MCSLab RTT AP2,24:29:34:e1:ef:d4,-64,483,261,6054526397,true
11-2,2024-12-27 15:55:45.762,MCSLab RTT AP3,e4:5e:1b:a0:5e:85,-62,6865,634,6054526397,true
11-2,2024-12-27 15:55:45.762,MCSLab RTT AP1,24:29:34:e2:4c:36,-69,5483,432,6054526397,true
11-2,2024-12-27 15:55:45.762,MCSLab RTT AP2,24:29:34:e1:ef:d4,-64,483,261,6054526397,true
11-2,2024-12-27 15:55:45.762,MCSLab RTT AP3,e4:5e:1b:a0:5e:85,-62,6865,634,6054526397,true
11-2,2024-12-27 15:55:45.762,MCSLab RTT AP1,24:29:34:e2:4c:36,-69,5483,432,6054526397,true
11-2,2024-12-27 15:55:45.762,MCSLab RTT AP3,b0:e4:d5:88:16:86,-64,2586,1167,6054526397,true
11-2,2024-12-27 15:55:45.912,MCSLab RTT AP2,24:29:34:e1:ef:d4,-64,249,347,6054526545,true
11-2,2024-12-27 15:55:45.912,MCSLab RTT AP2,24:29:34:e1:ef:d4,-64,249,347,6054526545,true
11-2,2024-12-27 15:55:45.912,MCSLab RTT AP3,e4:5e:1b:a0:5e:85,-60,6748,581,6054526545,true
11-2,2024-12-27 15:55:45.912,MCSLab RTT AP2,24:29:34:e1:ef:d4,-64,249,347,6054526545,true
11-2,2024-12-27 15:55:45.912,MCSLab RTT AP3,e4:5e:1b:a0:5e:85,-60,6748,581,6054526545,true
11-2,2024-12-27 15:55:45.912,MCSLab RTT AP1,24:29:34:e2:4c:36,-69,5405,468,6054526545,true
11-2,2024-12-27 15:55:45.912,MCSLab RTT AP2,24:29:34:e1:ef:d4,-64,249,347,6054526545,true
11-2,2024-12-27 15:55:45.912,MCSLab RTT AP3,e4:5e:1b:a0:5e:85,-60,6748,581,6054526545,true
11-2,2024-12-27 15:55:45.912,MCSLab RTT AP1,24:29:34:e2:4c:36,-69,5405,468,6054526545,true
11-2,2024-12-27 15:55:45.912,MCSLab RTT AP3,b0:e4:d5:88:16:86,-64,2586,1151,6054526545,true
11-2,2024-12-27 15:55:46.056,MCSLab RTT AP2,24:29:34:e1:ef:d4,-64,337,296,6054526689,true
11-2,2024-12-27 15:55:46.056,MCSLab RTT AP2,24:29:34:e1:ef:d4,-64,337,296,6054526689,true
11-2,2024-12-27 15:55:46.056,MCSLab RTT AP3,e4:5e:1b:a0:5e:85,-62,6807,551,6054526689,true
11-2,2024-12-27 15:55:46.056,MCSLab RTT AP2,24:29:34:e1:ef:d4,-64,337,296,6054526689,true
11-2,2024-12-27 15:55:46.056,MCSLab RTT AP3,e4:5e:1b:a0:5e:85,-62,6807,551,6054526689,true
11-2,2024-12-27 15:55:46.056,MCSLab RTT AP1,24:29:34:e2:4c:36,-69,5210,553,6054526689,true
11-2,2024-12-27 15:55:46.056,MCSLab RTT AP2,24:29:34:e1:ef:d4,-64,337,296,6054526689,true
11-2,2024-12-27 15:55:46.056,MCSLab RTT AP3,e4:5e:1b:a0:5e:85,-62,6807,551,6054526689,true
11-2,2024-12-27 15:55:46.056,MCSLab RTT AP1,24:29:34:e2:4c:36,-69,5210,553,6054526689,true
11-2,2024-12-27 15:55:46.056,MCSLab RTT AP3,b0:e4:d5:88:16:86,-64,2567,1173,6054526689,true
11-2,2024-12-27 15:55:46.216,MCSLab RTT AP2,24:29:34:e1:ef:d4,-64,307,217,6054526835,true
11-2,2024-12-27 15:55:46.216,MCSLab RTT AP2,24:29:34:e1:ef:d4,-64,307,217,6054526835,true
11-2,2024-12-27 15:55:46.216,MCSLab RTT AP3,e4:5e:1b:a0:5e:85,-62,6836,573,6054526835,true
11-2,2024-12-27 15:55:46.216,MCSLab RTT AP2,24:29:34:e1:ef:d4,-64,307,217,6054526835,true
11-2,2024-12-27 15:55:46.216,MCSLab RTT AP3,e4:5e:1b:a0:5e:85,-62,6836,573,6054526835,true
11-2,2024-12-27 15:55:46.216,MCSLab RTT AP1,24:29:34:e2:4c:36,-69,5288,495,6054526835,true
11-2,2024-12-27 15:55:46.216,MCSLab RTT AP2,24:29:34:e1:ef:d4,-64,307,217,6054526835,true
11-2,2024-12-27 15:55:46.216,MCSLab RTT AP3,e4:5e:1b:a0:5e:85,-62,6836,573,6054526835,true
11-2,2024-12-27 15:55:46.216,MCSLab RTT AP1,24:29:34:e2:4c:36,-69,5288,495,6054526835,true
11-2,2024-12-27 15:55:46.216,MCSLab RTT AP3,b0:e4:d5:88:16:86,-64,2547,1158,6054526835,true
11-2,2024-12-27 15:55:46.352,MCSLab RTT AP2,24:29:34:e1:ef:d4,-64,454,337,6054526984,true
11-2,2024-12-27 15:55:46.352,MCSLab RTT AP2,24:29:34:e1:ef:d4,-64,454,337,6054526984,true
11-2,2024-12-27 15:55:46.352,MCSLab RTT AP3,e4:5e:1b:a0:5e:85,-62,6807,620,6054526983,true
11-2,2024-12-27 15:55:46.352,MCSLab RTT AP2,24:29:34:e1:ef:d4,-64,454,337,6054526984,true
11-2,2024-12-27 15:55:46.352,MCSLab RTT AP3,e4:5e:1b:a0:5e:85,-62,6807,620,6054526983,true
11-2,2024-12-27 15:55:46.352,MCSLab RTT AP1,24:29:34:e2:4c:36,-69,5171,624,6054526984,true
11-2,2024-12-27 15:55:46.352,MCSLab RTT AP2,24:29:34:e1:ef:d4,-64,454,337,6054526984,true
11-2,2024-12-27 15:55:46.352,MCSLab RTT AP3,e4:5e:1b:a0:5e:85,-62,6807,620,6054526983,true
11-2,2024-12-27 15:55:46.352,MCSLab RTT AP1,24:29:34:e2:4c:36,-69,5171,624,6054526984,true
11-2,2024-12-27 15:55:46.352,MCSLab RTT AP3,b0:e4:d5:88:16:86,-64,2430,1328,6054526983,true
11-2,2024-12-27 15:55:46.491,MCSLab RTT AP2,24:29:34:e1:ef:d4,-64,454,174,6054527123,true
11-2,2024-12-27 15:55:46.491,MCSLab RTT AP2,24:29:34:e1:ef:d4,-64,454,174,6054527123,true
11-2,2024-12-27 15:55:46.491,MCSLab RTT AP3,e4:5e:1b:a0:5e:85,-62,6807,580,6054527122,true
11-2,2024-12-27 15:55:46.491,MCSLab RTT AP2,24:29:34:e1:ef:d4,-64,454,174,6054527123,true
11-2,2024-12-27 15:55:46.491,MCSLab RTT AP3,e4:5e:1b:a0:5e:85,-62,6807,580,6054527122,true
11-2,2024-12-27 15:55:46.491,MCSLab RTT AP1,24:29:34:e2:4c:36,-69,5483,515,6054527122,true
11-2,2024-12-27 15:55:46.491,MCSLab RTT AP2,24:29:34:e1:ef:d4,-64,454,174,6054527123,true
11-2,2024-12-27 15:55:46.491,MCSLab RTT AP3,e4:5e:1b:a0:5e:85,-62,6807,580,6054527122,true
11-2,2024-12-27 15:55:46.491,MCSLab RTT AP1,24:29:34:e2:4c:36,-69,5483,515,6054527122,true
11-2,2024-12-27 15:55:46.491,MCSLab RTT AP3,b0:e4:d5:88:16:86,-64,2469,1153,6054527122,true
11-2,2024-12-27 15:55:46.637,MCSLab RTT AP2,24:29:34:e1:ef:d4,-64,395,175,6054527269,true
11-2,2024-12-27 15:55:46.637,MCSLab RTT AP2,24:29:34:e1:ef:d4,-64,395,175,6054527269,true
11-2,2024-12-27 15:55:46.637,MCSLab RTT AP3,e4:5e:1b:a0:5e:85,-60,6836,518,6054527269,true
11-2,2024-12-27 15:55:46.637,MCSLab RTT AP2,24:29:34:e1:ef:d4,-64,395,175,6054527269,true
11-2,2024-12-27 15:55:46.637,MCSLab RTT AP3,e4:5e:1b:a0:5e:85,-60,6836,518,6054527269,true
11-2,2024-12-27 15:55:46.637,MCSLab RTT AP1,24:29:34:e2:4c:36,-69,5171,671,6054527269,true
11-2,2024-12-27 15:55:46.637,MCSLab RTT AP2,24:29:34:e1:ef:d4,-64,395,175,6054527269,true
11-2,2024-12-27 15:55:46.637,MCSLab RTT AP3,e4:5e:1b:a0:5e:85,-60,6836,518,6054527269,true
11-2,2024-12-27 15:55:46.637,MCSLab RTT AP1,24:29:34:e2:4c:36,-69,5171,671,6054527269,true
11-2,2024-12-27 15:55:46.637,MCSLab RTT AP3,b0:e4:d5:88:16:86,-62,2121,1417,6054527269,true
11-2,2024-12-27 15:55:46.775,MCSLab RTT AP2,24:29:34:e1:ef:d4,-64,366,215,6054527408,true
11-2,2024-12-27 15:55:46.775,MCSLab RTT AP2,24:29:34:e1:ef:d4,-64,366,215,6054527408,true
11-2,2024-12-27 15:55:46.775,MCSLab RTT AP3,e4:5e:1b:a0:5e:85,-62,6865,591,6054527408,true
11-2,2024-12-27 15:55:46.775,MCSLab RTT AP2,24:29:34:e1:ef:d4,-64,366,215,6054527408,true
11-2,2024-12-27 15:55:46.775,MCSLab RTT AP3,e4:5e:1b:a0:5e:85,-62,6865,591,6054527408,true
11-2,2024-12-27 15:55:46.775,MCSLab RTT AP1,24:29:34:e2:4c:36,-69,5171,685,6054527408,true
11-2,2024-12-27 15:55:46.775,MCSLab RTT AP2,24:29:34:e1:ef:d4,-64,366,215,6054527408,true
11-2,2024-12-27 15:55:46.775,MCSLab RTT AP3,e4:5e:1b:a0:5e:85,-62,6865,591,6054527408,true
11-2,2024-12-27 15:55:46.775,MCSLab RTT AP1,24:29:34:e2:4c:36,-69,5171,685,6054527408,true
11-2,2024-12-27 15:55:46.775,MCSLab RTT AP3,b0:e4:d5:88:16:86,-64,2391,1234,6054527408,true
11-2,2024-12-27 15:55:46.914,MCSLab RTT AP2,24:29:34:e1:ef:d4,-64,337,220,6054527546,true
11-2,2024-12-27 15:55:46.914,MCSLab RTT AP2,24:29:34:e1:ef:d4,-64,337,220,6054527546,true
11-2,2024-12-27 15:55:46.914,MCSLab RTT AP3,e4:5e:1b:a0:5e:85,-62,6519,851,6054527546,true
11-2,2024-12-27 15:55:46.914,MCSLab RTT AP2,24:29:34:e1:ef:d4,-64,337,220,6054527546,true
11-2,2024-12-27 15:55:46.914,MCSLab RTT AP3,e4:5e:1b:a0:5e:85,-62,6519,851,6054527546,true
11-2,2024-12-27 15:55:46.914,MCSLab RTT AP1,24:29:34:e2:4c:36,-69,5327,577,6054527546,true
11-2,2024-12-27 15:55:46.914,MCSLab RTT AP2,24:29:34:e1:ef:d4,-64,337,220,6054527546,true
11-2,2024-12-27 15:55:46.914,MCSLab RTT AP3,e4:5e:1b:a0:5e:85,-62,6519,851,6054527546,true
11-2,2024-12-27 15:55:46.914,MCSLab RTT AP1,24:29:34:e2:4c:36,-69,5327,577,6054527546,true
11-2,2024-12-27 15:55:46.914,MCSLab RTT AP3,b0:e4:d5:88:16:86,-64,2547,1228,6054527546,true
11-2,2024-12-27 15:55:47.054,MCSLab RTT AP2,24:29:34:e1:ef:d4,-64,366,280,6054527688,true
11-2,2024-12-27 15:55:47.054,MCSLab RTT AP2,24:29:34:e1:ef:d4,-64,366,280,6054527688,true
11-2,2024-12-27 15:55:47.054,MCSLab RTT AP3,e4:5e:1b:a0:5e:85,-62,6924,591,6054527688,true
11-2,2024-12-27 15:55:47.054,MCSLab RTT AP2,24:29:34:e1:ef:d4,-64,366,280,6054527688,true
11-2,2024-12-27 15:55:47.054,MCSLab RTT AP3,e4:5e:1b:a0:5e:85,-62,6924,591,6054527688,true
11-2,2024-12-27 15:55:47.054,MCSLab RTT AP1,24:29:34:e2:4c:36,-69,5288,567,6054527688,true
11-2,2024-12-27 15:55:47.054,MCSLab RTT AP2,24:29:34:e1:ef:d4,-64,366,280,6054527688,true
11-2,2024-12-27 15:55:47.054,MCSLab RTT AP3,e4:5e:1b:a0:5e:85,-62,6924,591,6054527688,true
11-2,2024-12-27 15:55:47.054,MCSLab RTT AP1,24:29:34:e2:4c:36,-69,5288,567,6054527688,true
11-2,2024-12-27 15:55:47.054,MCSLab RTT AP3,b0:e4:d5:88:16:86,-59,4911,2984,6054527688,true
11-2,2024-12-27 15:55:47.195,MCSLab RTT AP2,24:29:34:e1:ef:d4,-64,366,170,6054527827,true
11-2,2024-12-27 15:55:47.195,MCSLab RTT AP2,24:29:34:e1:ef:d4,-64,366,170,6054527827,true
11-2,2024-12-27 15:55:47.195,MCSLab RTT AP3,e4:5e:1b:a0:5e:85,-59,6640,751,6054527827,true
11-2,2024-12-27 15:55:47.195,MCSLab RTT AP2,24:29:34:e1:ef:d4,-64,366,170,6054527827,true
11-2,2024-12-27 15:55:47.195,MCSLab RTT AP3,e4:5e:1b:a0:5e:85,-59,6640,751,6054527827,true
11-2,2024-12-27 15:55:47.195,MCSLab RTT AP1,24:29:34:e2:4c:36,-63,5288,886,6054527827,true
11-2,2024-12-27 15:55:47.195,MCSLab RTT AP2,24:29:34:e1:ef:d4,-64,366,170,6054527827,true
11-2,2024-12-27 15:55:47.195,MCSLab RTT AP3,e4:5e:1b:a0:5e:85,-59,6640,751,6054527827,true
11-2,2024-12-27 15:55:47.195,MCSLab RTT AP1,24:29:34:e2:4c:36,-63,5288,886,6054527827,true
11-2,2024-12-27 15:55:47.195,MCSLab RTT AP3,b0:e4:d5:88:16:86,-64,2508,1248,6054527827,true
11-2,2024-12-27 15:55:47.330,MCSLab RTT AP2,24:29:34:e1:ef:d4,-64,454,150,6054527962,true
11-2,2024-12-27 15:55:47.330,MCSLab RTT AP2,24:29:34:e1:ef:d4,-64,454,150,6054527962,true
11-2,2024-12-27 15:55:47.330,MCSLab RTT AP3,e4:5e:1b:a0:5e:85,-62,6865,571,6054527962,true
11-2,2024-12-27 15:55:47.330,MCSLab RTT AP2,24:29:34:e1:ef:d4,-64,454,150,6054527962,true
11-2,2024-12-27 15:55:47.330,MCSLab RTT AP3,e4:5e:1b:a0:5e:85,-62,6865,571,6054527962,true
11-2,2024-12-27 15:55:47.330,MCSLab RTT AP1,24:29:34:e2:4c:36,-69,5288,495,6054527962,true
11-2,2024-12-27 15:55:47.330,MCSLab RTT AP2,24:29:34:e1:ef:d4,-64,454,150,6054527962,true
11-2,2024-12-27 15:55:47.330,MCSLab RTT AP3,e4:5e:1b:a0:5e:85,-62,6865,571,6054527962,true
11-2,2024-12-27 15:55:47.330,MCSLab RTT AP1,24:29:34:e2:4c:36,-69,5288,495,6054527962,true
11-2,2024-12-27 15:55:47.330,MCSLab RTT AP3,b0:e4:d5:88:16:86,-64,2508,1221,6054527962,true
11-2,2024-12-27 15:55:47.476,MCSLab RTT AP2,24:29:34:e1:ef:d4,-64,571,123,6054528110,true
11-2,2024-12-27 15:55:47.476,MCSLab RTT AP2,24:29:34:e1:ef:d4,-64,571,123,6054528110,true
11-2,2024-12-27 15:55:47.476,MCSLab RTT AP3,e4:5e:1b:a0:5e:85,-62,6807,617,6054528110,true
11-2,2024-12-27 15:55:47.476,MCSLab RTT AP2,24:29:34:e1:ef:d4,-64,571,123,6054528110,true
11-2,2024-12-27 15:55:47.476,MCSLab RTT AP3,e4:5e:1b:a0:5e:85,-62,6807,617,6054528110,true
11-2,2024-12-27 15:55:47.476,MCSLab RTT AP1,24:29:34:e2:4c:36,-69,5249,610,6054528110,true
11-2,2024-12-27 15:55:47.476,MCSLab RTT AP2,24:29:34:e1:ef:d4,-64,571,123,6054528110,true
11-2,2024-12-27 15:55:47.476,MCSLab RTT AP3,e4:5e:1b:a0:5e:85,-62,6807,617,6054528110,true
11-2,2024-12-27 15:55:47.476,MCSLab RTT AP1,24:29:34:e2:4c:36,-69,5249,610,6054528110,true
11-2,2024-12-27 15:55:47.476,MCSLab RTT AP3,b0:e4:d5:88:16:86,-62,2199,1319,6054528110,true
11-2,2024-12-27 15:55:47.620,MCSLab RTT AP2,24:29:34:e1:ef:d4,-64,483,164,6054528253,true
11-2,2024-12-27 15:55:47.620,MCSLab RTT AP2,24:29:34:e1:ef:d4,-64,483,164,6054528253,true
11-2,2024-12-27 15:55:47.620,MCSLab RTT AP3,e4:5e:1b:a0:5e:85,-62,6807,607,6054528253,true
11-2,2024-12-27 15:55:47.620,MCSLab RTT AP2,24:29:34:e1:ef:d4,-64,483,164,6054528253,true
11-2,2024-12-27 15:55:47.620,MCSLab RTT AP3,e4:5e:1b:a0:5e:85,-62,6807,607,6054528253,true
11-2,2024-12-27 15:55:47.620,MCSLab RTT AP1,24:29:34:e2:4c:36,-69,5327,552,6054528253,true
11-2,2024-12-27 15:55:47.620,MCSLab RTT AP2,24:29:34:e1:ef:d4,-64,483,164,6054528253,true
11-2,2024-12-27 15:55:47.620,MCSLab RTT AP3,e4:5e:1b:a0:5e:85,-62,6807,607,6054528253,true
11-2,2024-12-27 15:55:47.620,MCSLab RTT AP1,24:29:34:e2:4c:36,-69,5327,552,6054528253,true
11-2,2024-12-27 15:55:47.620,MCSLab RTT AP3,b0:e4:d5:88:16:86,-64,2469,1167,6054528253,true
11-2,2024-12-27 15:55:47.774,MCSLab RTT AP2,24:29:34:e1:ef:d4,-64,483,85,6054528393,true
11-2,2024-12-27 15:55:47.774,MCSLab RTT AP2,24:29:34:e1:ef:d4,-64,483,85,6054528393,true
11-2,2024-12-27 15:55:47.774,MCSLab RTT AP3,e4:5e:1b:a0:5e:85,-60,6719,470,6054528393,true
11-2,2024-12-27 15:55:47.774,MCSLab RTT AP2,24:29:34:e1:ef:d4,-64,483,85,6054528393,true
11-2,2024-12-27 15:55:47.774,MCSLab RTT AP3,e4:5e:1b:a0:5e:85,-60,6719,470,6054528393,true
11-2,2024-12-27 15:55:47.774,MCSLab RTT AP1,24:29:34:e2:4c:36,-60,5322,514,6054528393,true
11-2,2024-12-27 15:55:47.774,MCSLab RTT AP2,24:29:34:e1:ef:d4,-64,483,85,6054528393,true
11-2,2024-12-27 15:55:47.774,MCSLab RTT AP3,e4:5e:1b:a0:5e:85,-60,6719,470,6054528393,true
11-2,2024-12-27 15:55:47.774,MCSLab RTT AP1,24:29:34:e2:4c:36,-60,5322,514,6054528393,true
11-2,2024-12-27 15:55:47.774,MCSLab RTT AP3,b0:e4:d5:88:16:86,-62,2238,1363,6054528393,true
11-2,2024-12-27 15:55:47.900,MCSLab RTT AP2,24:29:34:e1:ef:d4,-64,571,41,6054528535,true
11-2,2024-12-27 15:55:47.900,MCSLab RTT AP2,24:29:34:e1:ef:d4,-64,571,41,6054528535,true
11-2,2024-12-27 15:55:47.900,MCSLab RTT AP3,e4:5e:1b:a0:5e:85,-62,6660,650,6054528535,true
11-2,2024-12-27 15:55:47.900,MCSLab RTT AP2,24:29:34:e1:ef:d4,-64,571,41,6054528535,true
11-2,2024-12-27 15:55:47.900,MCSLab RTT AP3,e4:5e:1b:a0:5e:85,-62,6660,650,6054528535,true
11-2,2024-12-27 15:55:47.900,MCSLab RTT AP1,24:29:34:e2:4c:36,-63,5288,481,6054528535,true
11-2,2024-12-27 15:55:47.900,MCSLab RTT AP2,24:29:34:e1:ef:d4,-64,571,41,6054528535,true
11-2,2024-12-27 15:55:47.900,MCSLab RTT AP3,e4:5e:1b:a0:5e:85,-62,6660,650,6054528535,true
11-2,2024-12-27 15:55:47.900,MCSLab RTT AP1,24:29:34:e2:4c:36,-63,5288,481,6054528535,true
11-2,2024-12-27 15:55:47.900,MCSLab RTT AP3,b0:e4:d5:88:16:86,-64,2430,1204,6054528535,true
11-2,2024-12-27 15:55:48.046,MCSLab RTT AP2,24:29:34:e1:ef:d4,-64,630,86,6054528678,true
11-2,2024-12-27 15:55:48.046,MCSLab RTT AP2,24:29:34:e1:ef:d4,-64,630,86,6054528678,true
11-2,2024-12-27 15:55:48.046,MCSLab RTT AP3,e4:5e:1b:a0:5e:85,-62,6777,570,6054528678,true
11-2,2024-12-27 15:55:48.046,MCSLab RTT AP2,24:29:34:e1:ef:d4,-64,630,86,6054528678,true
11-2,2024-12-27 15:55:48.046,MCSLab RTT AP3,e4:5e:1b:a0:5e:85,-62,6777,570,6054528678,true
11-2,2024-12-27 15:55:48.046,MCSLab RTT AP1,24:29:34:e2:4c:36,-69,5288,495,6054528678,true
11-2,2024-12-27 15:55:48.046,MCSLab RTT AP2,24:29:34:e1:ef:d4,-64,630,86,6054528678,true
11-2,2024-12-27 15:55:48.046,MCSLab RTT AP3,e4:5e:1b:a0:5e:85,-62,6777,570,6054528678,true
11-2,2024-12-27 15:55:48.046,MCSLab RTT AP1,24:29:34:e2:4c:36,-69,5288,495,6054528678,true
11-2,2024-12-27 15:55:48.046,MCSLab RTT AP3,b0:e4:d5:88:16:86,-57,3104,1018,6054528678,true
11-2,2024-12-27 15:55:48.194,MCSLab RTT AP2,24:29:34:e1:ef:d4,-64,630,125,6054528826,true
11-2,2024-12-27 15:55:48.194,MCSLab RTT AP2,24:29:34:e1:ef:d4,-64,630,125,6054528826,true
11-2,2024-12-27 15:55:48.194,MCSLab RTT AP3,e4:5e:1b:a0:5e:85,-62,6748,583,6054528826,true
11-2,2024-12-27 15:55:48.194,MCSLab RTT AP2,24:29:34:e1:ef:d4,-64,630,125,6054528826,true
11-2,2024-12-27 15:55:48.194,MCSLab RTT AP3,e4:5e:1b:a0:5e:85,-62,6748,583,6054528826,true
11-2,2024-12-27 15:55:48.194,MCSLab RTT AP1,24:29:34:e2:4c:36,-69,5366,490,6054528826,true
11-2,2024-12-27 15:55:48.194,MCSLab RTT AP2,24:29:34:e1:ef:d4,-64,630,125,6054528826,true
11-2,2024-12-27 15:55:48.194,MCSLab RTT AP3,e4:5e:1b:a0:5e:85,-62,6748,583,6054528826,true
11-2,2024-12-27 15:55:48.194,MCSLab RTT AP1,24:29:34:e2:4c:36,-69,5366,490,6054528826,true
11-2,2024-12-27 15:55:48.194,MCSLab RTT AP3,b0:e4:d5:88:16:86,-64,2586,1211,6054528826,true
11-2,2024-12-27 15:55:48.345,MCSLab RTT AP2,24:29:34:e1:ef:d4,-64,600,195,6054528978,true
11-2,2024-12-27 15:55:48.345,MCSLab RTT AP2,24:29:34:e1:ef:d4,-64,600,195,6054528978,true
11-2,2024-12-27 15:55:48.345,MCSLab RTT AP3,e4:5e:1b:a0:5e:85,-62,6719,616,6054528978,true
11-2,2024-12-27 15:55:48.345,MCSLab RTT AP2,24:29:34:e1:ef:d4,-64,600,195,6054528978,true
11-2,2024-12-27 15:55:48.345,MCSLab RTT AP3,e4:5e:1b:a0:5e:85,-62,6719,616,6054528978,true
11-2,2024-12-27 15:55:48.345,MCSLab RTT AP1,24:29:34:e2:4c:36,-70,5327,508,6054528978,true
11-2,2024-12-27 15:55:48.345,MCSLab RTT AP2,24:29:34:e1:ef:d4,-64,600,195,6054528978,true
11-2,2024-12-27 15:55:48.345,MCSLab RTT AP3,e4:5e:1b:a0:5e:85,-62,6719,616,6054528978,true
11-2,2024-12-27 15:55:48.345,MCSLab RTT AP1,24:29:34:e2:4c:36,-70,5327,508,6054528978,true
11-2,2024-12-27 15:55:48.345,MCSLab RTT AP3,b0:e4:d5:88:16:86,-64,2469,1144,6054528978,true
11-2,2024-12-27 15:55:48.479,MCSLab RTT AP2,24:29:34:e1:ef:d4,-64,600,54,6054529113,true
11-2,2024-12-27 15:55:48.479,MCSLab RTT AP2,24:29:34:e1:ef:d4,-64,600,54,6054529113,true
11-2,2024-12-27 15:55:48.479,MCSLab RTT AP3,e4:5e:1b:a0:5e:85,-62,6719,547,6054529113,true
11-2,2024-12-27 15:55:48.479,MCSLab RTT AP2,24:29:34:e1:ef:d4,-64,600,54,6054529113,true
11-2,2024-12-27 15:55:48.479,MCSLab RTT AP3,e4:5e:1b:a0:5e:85,-62,6719,547,6054529113,true
11-2,2024-12-27 15:55:48.479,MCSLab RTT AP1,24:29:34:e2:4c:36,-69,5327,504,6054529113,true
11-2,2024-12-27 15:55:48.479,MCSLab RTT AP2,24:29:34:e1:ef:d4,-64,600,54,6054529113,true
11-2,2024-12-27 15:55:48.479,MCSLab RTT AP3,e4:5e:1b:a0:5e:85,-62,6719,547,6054529113,true
11-2,2024-12-27 15:55:48.479,MCSLab RTT AP1,24:29:34:e2:4c:36,-69,5327,504,6054529113,true
11-2,2024-12-27 15:55:48.479,MCSLab RTT AP3,b0:e4:d5:88:16:86,-59,1503,2017,6054529113,true
11-2,2024-12-27 15:55:48.622,MCSLab RTT AP2,24:29:34:e1:ef:d4,-64,571,103,6054529254,true
11-2,2024-12-27 15:55:48.622,MCSLab RTT AP2,24:29:34:e1:ef:d4,-64,571,103,6054529254,true
11-2,2024-12-27 15:55:48.622,MCSLab RTT AP3,e4:5e:1b:a0:5e:85,-62,6631,660,6054529254,true
11-2,2024-12-27 15:55:48.622,MCSLab RTT AP2,24:29:34:e1:ef:d4,-64,571,103,6054529254,true
11-2,2024-12-27 15:55:48.622,MCSLab RTT AP3,e4:5e:1b:a0:5e:85,-62,6631,660,6054529254,true
11-2,2024-12-27 15:55:48.622,MCSLab RTT AP1,24:29:34:e2:4c:36,-63,5522,465,6054529254,true
11-2,2024-12-27 15:55:48.622,MCSLab RTT AP2,24:29:34:e1:ef:d4,-64,571,103,6054529254,true
11-2,2024-12-27 15:55:48.622,MCSLab RTT AP3,e4:5e:1b:a0:5e:85,-62,6631,660,6054529254,true
11-2,2024-12-27 15:55:48.622,MCSLab RTT AP1,24:29:34:e2:4c:36,-63,5522,465,6054529254,true
11-2,2024-12-27 15:55:48.622,MCSLab RTT AP3,b0:e4:d5:88:16:86,-64,2625,1166,6054529254,true
11-2,2024-12-27 15:55:48.778,MCSLab RTT AP2,24:29:34:e1:ef:d4,-64,600,63,6054529398,true
11-2,2024-12-27 15:55:48.778,MCSLab RTT AP2,24:29:34:e1:ef:d4,-64,600,63,6054529398,true
11-2,2024-12-27 15:55:48.778,MCSLab RTT AP3,e4:5e:1b:a0:5e:85,-62,6807,607,6054529398,true
11-2,2024-12-27 15:55:48.778,MCSLab RTT AP2,24:29:34:e1:ef:d4,-64,600,63,6054529398,true
11-2,2024-12-27 15:55:48.778,MCSLab RTT AP3,e4:5e:1b:a0:5e:85,-62,6807,607,6054529398,true
11-2,2024-12-27 15:55:48.778,MCSLab RTT AP1,24:29:34:e2:4c:36,-69,5366,504,6054529398,true
11-2,2024-12-27 15:55:48.778,MCSLab RTT AP2,24:29:34:e1:ef:d4,-64,600,63,6054529398,true
11-2,2024-12-27 15:55:48.778,MCSLab RTT AP3,e4:5e:1b:a0:5e:85,-62,6807,607,6054529398,true
11-2,2024-12-27 15:55:48.778,MCSLab RTT AP1,24:29:34:e2:4c:36,-69,5366,504,6054529398,true
11-2,2024-12-27 15:55:48.778,MCSLab RTT AP3,b0:e4:d5:88:16:86,-59,1893,1659,6054529398,true
11-2,2024-12-27 15:55:48.914,MCSLab RTT AP2,24:29:34:e1:ef:d4,-64,571,138,6054529545,true
11-2,2024-12-27 15:55:48.914,MCSLab RTT AP2,24:29:34:e1:ef:d4,-64,571,138,6054529545,true
11-2,2024-12-27 15:55:48.914,MCSLab RTT AP3,e4:5e:1b:a0:5e:85,-62,6865,580,6054529545,true
11-2,2024-12-27 15:55:48.914,MCSLab RTT AP2,24:29:34:e1:ef:d4,-64,571,138,6054529545,true
11-2,2024-12-27 15:55:48.914,MCSLab RTT AP3,e4:5e:1b:a0:5e:85,-62,6865,580,6054529545,true
11-2,2024-12-27 15:55:48.914,MCSLab RTT AP1,24:29:34:e2:4c:36,-69,5444,330,6054529545,true
11-2,2024-12-27 15:55:48.914,MCSLab RTT AP2,24:29:34:e1:ef:d4,-64,571,138,6054529545,true
11-2,2024-12-27 15:55:48.914,MCSLab RTT AP3,e4:5e:1b:a0:5e:85,-62,6865,580,6054529545,true
11-2,2024-12-27 15:55:48.914,MCSLab RTT AP1,24:29:34:e2:4c:36,-69,5444,330,6054529545,true
11-2,2024-12-27 15:55:48.914,MCSLab RTT AP3,b0:e4:d5:88:16:86,-64,2430,1258,6054529545,true
11-2,2024-12-27 15:55:49.057,MCSLab RTT AP2,24:29:34:e1:ef:d4,-64,600,106,6054529688,true
11-2,2024-12-27 15:55:49.057,MCSLab RTT AP2,24:29:34:e1:ef:d4,-64,600,106,6054529688,true
11-2,2024-12-27 15:55:49.057,MCSLab RTT AP3,e4:5e:1b:a0:5e:85,-62,6777,665,6054529688,true
11-2,2024-12-27 15:55:49.057,MCSLab RTT AP2,24:29:34:e1:ef:d4,-64,600,106,6054529688,true
11-2,2024-12-27 15:55:49.057,MCSLab RTT AP3,e4:5e:1b:a0:5e:85,-62,6777,665,6054529688,true
11-2,2024-12-27 15:55:49.057,MCSLab RTT AP1,24:29:34:e2:4c:36,-69,5327,553,6054529688,true
11-2,2024-12-27 15:55:49.057,MCSLab RTT AP2,24:29:34:e1:ef:d4,-64,600,106,6054529688,true
11-2,2024-12-27 15:55:49.057,MCSLab RTT AP3,e4:5e:1b:a0:5e:85,-62,6777,665,6054529688,true
11-2,2024-12-27 15:55:49.057,MCSLab RTT AP1,24:29:34:e2:4c:36,-69,5327,553,6054529688,true
11-2,2024-12-27 15:55:49.057,MCSLab RTT AP3,b0:e4:d5:88:16:86,-64,2352,1239,6054529688,true
11-2,2024-12-27 15:55:49.201,MCSLab RTT AP2,24:29:34:e1:ef:d4,-64,571,88,6054529833,true
11-2,2024-12-27 15:55:49.201,MCSLab RTT AP2,24:29:34:e1:ef:d4,-64,571,88,6054529833,true
11-2,2024-12-27 15:55:49.201,MCSLab RTT AP3,e4:5e:1b:a0:5e:85,-62,6836,592,6054529833,true
11-2,2024-12-27 15:55:49.201,MCSLab RTT AP2,24:29:34:e1:ef:d4,-64,571,88,6054529833,true
11-2,2024-12-27 15:55:49.201,MCSLab RTT AP3,e4:5e:1b:a0:5e:85,-62,6836,592,6054529833,true
11-2,2024-12-27 15:55:49.201,MCSLab RTT AP1,24:29:34:e2:4c:36,-69,5405,529,6054529833,true
11-2,2024-12-27 15:55:49.201,MCSLab RTT AP2,24:29:34:e1:ef:d4,-64,571,88,6054529833,true
11-2,2024-12-27 15:55:49.201,MCSLab RTT AP3,e4:5e:1b:a0:5e:85,-62,6836,592,6054529833,true
11-2,2024-12-27 15:55:49.201,MCSLab RTT AP1,24:29:34:e2:4c:36,-69,5405,529,6054529833,true
11-2,2024-12-27 15:55:49.201,MCSLab RTT AP3,b0:e4:d5:88:16:86,-64,2391,1268,6054529833,true
11-2,2024-12-27 15:55:49.345,MCSLab RTT AP2,24:29:34:e1:ef:d4,-64,630,54,6054529978,true
11-2,2024-12-27 15:55:49.345,MCSLab RTT AP2,24:29:34:e1:ef:d4,-64,630,54,6054529978,true
11-2,2024-12-27 15:55:49.345,MCSLab RTT AP3,e4:5e:1b:a0:5e:85,-61,6777,588,6054529978,true
11-2,2024-12-27 15:55:49.345,MCSLab RTT AP2,24:29:34:e1:ef:d4,-64,630,54,6054529978,true
11-2,2024-12-27 15:55:49.345,MCSLab RTT AP3,e4:5e:1b:a0:5e:85,-61,6777,588,6054529978,true
11-2,2024-12-27 15:55:49.345,MCSLab RTT AP1,24:29:34:e2:4c:36,-69,5366,405,6054529978,true
11-2,2024-12-27 15:55:49.345,MCSLab RTT AP2,24:29:34:e1:ef:d4,-64,630,54,6054529978,true
11-2,2024-12-27 15:55:49.345,MCSLab RTT AP3,e4:5e:1b:a0:5e:85,-61,6777,588,6054529978,true
11-2,2024-12-27 15:55:49.345,MCSLab RTT AP1,24:29:34:e2:4c:36,-69,5366,405,6054529978,true
11-2,2024-12-27 15:55:49.345,MCSLab RTT AP3,b0:e4:d5:88:16:86,-64,2508,1263,6054529978,true
11-2,2024-12-27 15:55:49.493,MCSLab RTT AP2,24:29:34:e1:ef:d4,-64,600,106,6054530125,true
11-2,2024-12-27 15:55:49.493,MCSLab RTT AP2,24:29:34:e1:ef:d4,-64,600,106,6054530125,true
11-2,2024-12-27 15:55:49.493,MCSLab RTT AP3,e4:5e:1b:a0:5e:85,-61,6894,577,6054530125,true
11-2,2024-12-27 15:55:49.493,MCSLab RTT AP2,24:29:34:e1:ef:d4,-64,600,106,6054530125,true
11-2,2024-12-27 15:55:49.493,MCSLab RTT AP3,e4:5e:1b:a0:5e:85,-61,6894,577,6054530125,true
11-2,2024-12-27 15:55:49.493,MCSLab RTT AP1,24:29:34:e2:4c:36,-69,5483,357,6054530125,true
11-2,2024-12-27 15:55:49.493,MCSLab RTT AP2,24:29:34:e1:ef:d4,-64,600,106,6054530125,true
11-2,2024-12-27 15:55:49.493,MCSLab RTT AP3,e4:5e:1b:a0:5e:85,-61,6894,577,6054530125,true
11-2,2024-12-27 15:55:49.493,MCSLab RTT AP1,24:29:34:e2:4c:36,-69,5483,357,6054530125,true
11-2,2024-12-27 15:55:49.493,MCSLab RTT AP3,b0:e4:d5:88:16:86,-64,2274,1297,6054530125,true
11-2,2024-12-27 15:55:49.620,MCSLab RTT AP2,24:29:34:e1:ef:d4,-64,659,85,6054530261,true
11-2,2024-12-27 15:55:49.620,MCSLab RTT AP2,24:29:34:e1:ef:d4,-64,659,85,6054530261,true
11-2,2024-12-27 15:55:49.620,MCSLab RTT AP3,e4:5e:1b:a0:5e:85,-62,6777,605,6054530261,true
11-2,2024-12-27 15:55:49.620,MCSLab RTT AP2,24:29:34:e1:ef:d4,-64,659,85,6054530261,true
11-2,2024-12-27 15:55:49.620,MCSLab RTT AP3,e4:5e:1b:a0:5e:85,-62,6777,605,6054530261,true
11-2,2024-12-27 15:55:49.620,MCSLab RTT AP1,24:29:34:e2:4c:36,-63,5439,565,6054530261,true
11-2,2024-12-27 15:55:49.620,MCSLab RTT AP2,24:29:34:e1:ef:d4,-64,659,85,6054530261,true
11-2,2024-12-27 15:55:49.620,MCSLab RTT AP3,e4:5e:1b:a0:5e:85,-62,6777,605,6054530261,true
11-2,2024-12-27 15:55:49.620,MCSLab RTT AP1,24:29:34:e2:4c:36,-63,5439,565,6054530261,true
11-2,2024-12-27 15:55:49.620,MCSLab RTT AP3,b0:e4:d5:88:16:86,-64,2430,1260,6054530261,true
11-2,2024-12-27 15:55:49.761,MCSLab RTT AP2,24:29:34:e1:ef:d4,-64,630,52,6054530395,true
11-2,2024-12-27 15:55:49.761,MCSLab RTT AP2,24:29:34:e1:ef:d4,-64,630,52,6054530395,true
11-2,2024-12-27 15:55:49.761,MCSLab RTT AP3,e4:5e:1b:a0:5e:85,-62,6836,616,6054530395,true
11-2,2024-12-27 15:55:49.761,MCSLab RTT AP2,24:29:34:e1:ef:d4,-64,630,52,6054530395,true
11-2,2024-12-27 15:55:49.761,MCSLab RTT AP3,e4:5e:1b:a0:5e:85,-62,6836,616,6054530395,true
11-2,2024-12-27 15:55:49.761,MCSLab RTT AP1,24:29:34:e2:4c:36,-69,5444,438,6054530395,true
11-2,2024-12-27 15:55:49.761,MCSLab RTT AP2,24:29:34:e1:ef:d4,-64,630,52,6054530395,true
11-2,2024-12-27 15:55:49.761,MCSLab RTT AP3,e4:5e:1b:a0:5e:85,-62,6836,616,6054530395,true
11-2,2024-12-27 15:55:49.761,MCSLab RTT AP1,24:29:34:e2:4c:36,-69,5444,438,6054530395,true
11-2,2024-12-27 15:55:49.761,MCSLab RTT AP3,b0:e4:d5:88:16:86,-64,2586,1158,6054530395,true
11-2,2024-12-27 15:55:49.911,MCSLab RTT AP2,24:29:34:e1:ef:d4,-64,483,153,6054530542,true
11-2,2024-12-27 15:55:49.911,MCSLab RTT AP2,24:29:34:e1:ef:d4,-64,483,153,6054530542,true
11-2,2024-12-27 15:55:49.911,MCSLab RTT AP3,e4:5e:1b:a0:5e:85,-55,6258,178,6054530542,true
11-2,2024-12-27 15:55:49.911,MCSLab RTT AP2,24:29:34:e1:ef:d4,-64,483,153,6054530542,true
11-2,2024-12-27 15:55:49.911,MCSLab RTT AP3,e4:5e:1b:a0:5e:85,-55,6258,178,6054530542,true
11-2,2024-12-27 15:55:49.911,MCSLab RTT AP1,24:29:34:e2:4c:36,-69,5405,483,6054530542,true
11-2,2024-12-27 15:55:49.911,MCSLab RTT AP2,24:29:34:e1:ef:d4,-64,483,153,6054530542,true
11-2,2024-12-27 15:55:49.911,MCSLab RTT AP3,e4:5e:1b:a0:5e:85,-55,6258,178,6054530542,true
11-2,2024-12-27 15:55:49.911,MCSLab RTT AP1,24:29:34:e2:4c:36,-69,5405,483,6054530542,true
11-2,2024-12-27 15:55:49.911,MCSLab RTT AP3,b0:e4:d5:88:16:86,-64,2430,1215,6054530542,true
11-2,2024-12-27 15:55:50.059,MCSLab RTT AP2,24:29:34:e1:ef:d4,-64,395,132,6054530691,true
11-2,2024-12-27 15:55:50.059,MCSLab RTT AP2,24:29:34:e1:ef:d4,-64,395,132,6054530691,true
11-2,2024-12-27 15:55:50.059,MCSLab RTT AP3,e4:5e:1b:a0:5e:85,-60,6807,553,6054530691,true
11-2,2024-12-27 15:55:50.059,MCSLab RTT AP2,24:29:34:e1:ef:d4,-64,395,132,6054530691,true
11-2,2024-12-27 15:55:50.059,MCSLab RTT AP3,e4:5e:1b:a0:5e:85,-60,6807,553,6054530691,true
11-2,2024-12-27 15:55:50.059,MCSLab RTT AP1,24:29:34:e2:4c:36,-63,5327,868,6054530691,true
11-2,2024-12-27 15:55:50.059,MCSLab RTT AP2,24:29:34:e1:ef:d4,-64,395,132,6054530691,true
11-2,2024-12-27 15:55:50.059,MCSLab RTT AP3,e4:5e:1b:a0:5e:85,-60,6807,553,6054530691,true
11-2,2024-12-27 15:55:50.059,MCSLab RTT AP1,24:29:34:e2:4c:36,-63,5327,868,6054530691,true
11-2,2024-12-27 15:55:50.059,MCSLab RTT AP3,b0:e4:d5:88:16:86,-64,2586,1183,6054530691,true
11-2,2024-12-27 15:55:50.206,MCSLab RTT AP2,24:29:34:e1:ef:d4,-64,366,120,6054530838,true
11-2,2024-12-27 15:55:50.206,MCSLab RTT AP2,24:29:34:e1:ef:d4,-64,366,120,6054530838,true
11-2,2024-12-27 15:55:50.206,MCSLab RTT AP3,e4:5e:1b:a0:5e:85,-60,6728,660,6054530838,true
11-2,2024-12-27 15:55:50.206,MCSLab RTT AP2,24:29:34:e1:ef:d4,-64,366,120,6054530838,true
11-2,2024-12-27 15:55:50.206,MCSLab RTT AP3,e4:5e:1b:a0:5e:85,-60,6728,660,6054530838,true
11-2,2024-12-27 15:55:50.206,MCSLab RTT AP1,24:29:34:e2:4c:36,-69,5327,451,6054530838,true
11-2,2024-12-27 15:55:50.206,MCSLab RTT AP2,24:29:34:e1:ef:d4,-64,366,120,6054530838,true
11-2,2024-12-27 15:55:50.206,MCSLab RTT AP3,e4:5e:1b:a0:5e:85,-60,6728,660,6054530838,true
11-2,2024-12-27 15:55:50.206,MCSLab RTT AP1,24:29:34:e2:4c:36,-69,5327,451,6054530838,true
11-2,2024-12-27 15:55:50.206,MCSLab RTT AP3,b0:e4:d5:88:16:86,-63,2625,1147,6054530838,true
11-2,2024-12-27 15:55:50.352,MCSLab RTT AP2,24:29:34:e1:ef:d4,-65,278,306,6054530986,true
11-2,2024-12-27 15:55:50.352,MCSLab RTT AP2,24:29:34:e1:ef:d4,-65,278,306,6054530986,true
11-2,2024-12-27 15:55:50.352,MCSLab RTT AP3,e4:5e:1b:a0:5e:85,-62,6836,575,6054530986,true
11-2,2024-12-27 15:55:50.352,MCSLab RTT AP2,24:29:34:e1:ef:d4,-65,278,306,6054530986,true
11-2,2024-12-27 15:55:50.352,MCSLab RTT AP3,e4:5e:1b:a0:5e:85,-62,6836,575,6054530986,true
11-2,2024-12-27 15:55:50.352,MCSLab RTT AP1,24:29:34:e2:4c:36,-69,5405,441,6054530986,true
11-2,2024-12-27 15:55:50.352,MCSLab RTT AP2,24:29:34:e1:ef:d4,-65,278,306,6054530986,true
11-2,2024-12-27 15:55:50.352,MCSLab RTT AP3,e4:5e:1b:a0:5e:85,-62,6836,575,6054530986,true
11-2,2024-12-27 15:55:50.352,MCSLab RTT AP1,24:29:34:e2:4c:36,-69,5405,441,6054530986,true
11-2,2024-12-27 15:55:50.352,MCSLab RTT AP3,b0:e4:d5:88:16:86,-64,2547,1113,6054530985,true
11-2,2024-12-27 15:55:50.499,MCSLab RTT AP2,24:29:34:e1:ef:d4,-65,454,249,6054531132,true
11-2,2024-12-27 15:55:50.499,MCSLab RTT AP2,24:29:34:e1:ef:d4,-65,454,249,6054531132,true
11-2,2024-12-27 15:55:50.499,MCSLab RTT AP3,e4:5e:1b:a0:5e:85,-62,6777,553,6054531132,true
11-2,2024-12-27 15:55:50.499,MCSLab RTT AP2,24:29:34:e1:ef:d4,-65,454,249,6054531132,true
11-2,2024-12-27 15:55:50.499,MCSLab RTT AP3,e4:5e:1b:a0:5e:85,-62,6777,553,6054531132,true
11-2,2024-12-27 15:55:50.499,MCSLab RTT AP1,24:29:34:e2:4c:36,-69,5171,553,6054531132,true
11-2,2024-12-27 15:55:50.499,MCSLab RTT AP2,24:29:34:e1:ef:d4,-65,454,249,6054531132,true
11-2,2024-12-27 15:55:50.499,MCSLab RTT AP3,e4:5e:1b:a0:5e:85,-62,6777,553,6054531132,true
11-2,2024-12-27 15:55:50.499,MCSLab RTT AP1,24:29:34:e2:4c:36,-69,5171,553,6054531132,true
11-2,2024-12-27 15:55:50.499,MCSLab RTT AP3,b0:e4:d5:88:16:86,-64,2625,1163,6054531131,true
11-2,2024-12-27 15:55:50.645,MCSLab RTT AP2,24:29:34:e1:ef:d4,-64,483,159,6054531277,true
11-2,2024-12-27 15:55:50.645,MCSLab RTT AP2,24:29:34:e1:ef:d4,-64,483,159,6054531277,true
11-2,2024-12-27 15:55:50.645,MCSLab RTT AP3,e4:5e:1b:a0:5e:85,-62,6807,538,6054531277,true
11-2,2024-12-27 15:55:50.645,MCSLab RTT AP2,24:29:34:e1:ef:d4,-64,483,159,6054531277,true
11-2,2024-12-27 15:55:50.645,MCSLab RTT AP3,e4:5e:1b:a0:5e:85,-62,6807,538,6054531277,true
11-2,2024-12-27 15:55:50.645,MCSLab RTT AP1,24:29:34:e2:4c:36,-69,5249,489,6054531277,true
11-2,2024-12-27 15:55:50.645,MCSLab RTT AP2,24:29:34:e1:ef:d4,-64,483,159,6054531277,true
11-2,2024-12-27 15:55:50.645,MCSLab RTT AP3,e4:5e:1b:a0:5e:85,-62,6807,538,6054531277,true
11-2,2024-12-27 15:55:50.645,MCSLab RTT AP1,24:29:34:e2:4c:36,-69,5249,489,6054531277,true
11-2,2024-12-27 15:55:50.645,MCSLab RTT AP3,b0:e4:d5:88:16:86,-64,2664,1116,6054531277,true
11-2,2024-12-27 15:55:50.795,MCSLab RTT AP2,24:29:34:e1:ef:d4,-65,425,286,6054531427,true
11-2,2024-12-27 15:55:50.795,MCSLab RTT AP2,24:29:34:e1:ef:d4,-65,425,286,6054531427,true
11-2,2024-12-27 15:55:50.795,MCSLab RTT AP3,e4:5e:1b:a0:5e:85,-62,6689,583,6054531427,true
11-2,2024-12-27 15:55:50.795,MCSLab RTT AP2,24:29:34:e1:ef:d4,-65,425,286,6054531427,true
11-2,2024-12-27 15:55:50.795,MCSLab RTT AP3,e4:5e:1b:a0:5e:85,-62,6689,583,6054531427,true
11-2,2024-12-27 15:55:50.795,MCSLab RTT AP1,24:29:34:e2:4c:36,-69,5600,401,6054531427,true
11-2,2024-12-27 15:55:50.795,MCSLab RTT AP2,24:29:34:e1:ef:d4,-65,425,286,6054531427,true
11-2,2024-12-27 15:55:50.795,MCSLab RTT AP3,e4:5e:1b:a0:5e:85,-62,6689,583,6054531427,true
11-2,2024-12-27 15:55:50.795,MCSLab RTT AP1,24:29:34:e2:4c:36,-69,5600,401,6054531427,true
11-2,2024-12-27 15:55:50.795,MCSLab RTT AP3,b0:e4:d5:88:16:86,-64,2469,1172,6054531427,true
11-2,2024-12-27 15:55:50.936,MCSLab RTT AP2,24:29:34:e1:ef:d4,-65,571,257,6054531569,true
11-2,2024-12-27 15:55:50.936,MCSLab RTT AP2,24:29:34:e1:ef:d4,-65,571,257,6054531569,true
11-2,2024-12-27 15:55:50.936,MCSLab RTT AP3,e4:5e:1b:a0:5e:85,-62,6777,509,6054531569,true
11-2,2024-12-27 15:55:50.936,MCSLab RTT AP2,24:29:34:e1:ef:d4,-65,571,257,6054531569,true
11-2,2024-12-27 15:55:50.936,MCSLab RTT AP3,e4:5e:1b:a0:5e:85,-62,6777,509,6054531569,true
11-2,2024-12-27 15:55:50.936,MCSLab RTT AP1,24:29:34:e2:4c:36,-69,5600,385,6054531569,true
11-2,2024-12-27 15:55:50.936,MCSLab RTT AP2,24:29:34:e1:ef:d4,-65,571,257,6054531569,true
11-2,2024-12-27 15:55:50.936,MCSLab RTT AP3,e4:5e:1b:a0:5e:85,-62,6777,509,6054531569,true
11-2,2024-12-27 15:55:50.936,MCSLab RTT AP1,24:29:34:e2:4c:36,-69,5600,385,6054531569,true
11-2,2024-12-27 15:55:50.936,MCSLab RTT AP3,b0:e4:d5:88:16:86,-59,4793,3022,6054531569,true
11-2,2024-12-27 15:55:51.079,MCSLab RTT AP2,24:29:34:e1:ef:d4,-65,542,204,6054531712,true
11-2,2024-12-27 15:55:51.079,MCSLab RTT AP2,24:29:34:e1:ef:d4,-65,542,204,6054531712,true
11-2,2024-12-27 15:55:51.079,MCSLab RTT AP3,e4:5e:1b:a0:5e:85,-62,6255,986,6054531712,true
11-2,2024-12-27 15:55:51.079,MCSLab RTT AP2,24:29:34:e1:ef:d4,-65,542,204,6054531712,true
11-2,2024-12-27 15:55:51.079,MCSLab RTT AP3,e4:5e:1b:a0:5e:85,-62,6255,986,6054531712,true
11-2,2024-12-27 15:55:51.079,MCSLab RTT AP1,24:29:34:e2:4c:36,-69,5444,373,6054531712,true
11-2,2024-12-27 15:55:51.079,MCSLab RTT AP2,24:29:34:e1:ef:d4,-65,542,204,6054531712,true
11-2,2024-12-27 15:55:51.079,MCSLab RTT AP3,e4:5e:1b:a0:5e:85,-62,6255,986,6054531712,true
11-2,2024-12-27 15:55:51.079,MCSLab RTT AP1,24:29:34:e2:4c:36,-69,5444,373,6054531712,true
11-2,2024-12-27 15:55:51.079,MCSLab RTT AP3,b0:e4:d5:88:16:86,-59,2625,1079,6054531711,true
11-2,2024-12-27 15:55:51.223,MCSLab RTT AP2,24:29:34:e1:ef:d4,-64,542,293,6054531856,true
11-2,2024-12-27 15:55:51.223,MCSLab RTT AP2,24:29:34:e1:ef:d4,-64,542,293,6054531856,true
11-2,2024-12-27 15:55:51.223,MCSLab RTT AP3,e4:5e:1b:a0:5e:85,-62,6748,574,6054531856,true
11-2,2024-12-27 15:55:51.223,MCSLab RTT AP2,24:29:34:e1:ef:d4,-64,542,293,6054531856,true
11-2,2024-12-27 15:55:51.223,MCSLab RTT AP3,e4:5e:1b:a0:5e:85,-62,6748,574,6054531856,true
11-2,2024-12-27 15:55:51.223,MCSLab RTT AP1,24:29:34:e2:4c:36,-69,5210,528,6054531856,true
11-2,2024-12-27 15:55:51.223,MCSLab RTT AP2,24:29:34:e1:ef:d4,-64,542,293,6054531856,true
11-2,2024-12-27 15:55:51.223,MCSLab RTT AP3,e4:5e:1b:a0:5e:85,-62,6748,574,6054531856,true
11-2,2024-12-27 15:55:51.223,MCSLab RTT AP1,24:29:34:e2:4c:36,-69,5210,528,6054531856,true
11-2,2024-12-27 15:55:51.223,MCSLab RTT AP3,b0:e4:d5:88:16:86,-59,2782,1049,6054531856,true
11-2,2024-12-27 15:55:51.372,MCSLab RTT AP2,24:29:34:e1:ef:d4,-65,513,238,6054532002,true
11-2,2024-12-27 15:55:51.372,MCSLab RTT AP2,24:29:34:e1:ef:d4,-65,513,238,6054532002,true
11-2,2024-12-27 15:55:51.372,MCSLab RTT AP3,e4:5e:1b:a0:5e:85,-62,6719,600,6054532002,true
11-2,2024-12-27 15:55:51.372,MCSLab RTT AP2,24:29:34:e1:ef:d4,-65,513,238,6054532002,true
11-2,2024-12-27 15:55:51.372,MCSLab RTT AP3,e4:5e:1b:a0:5e:85,-62,6719,600,6054532002,true
11-2,2024-12-27 15:55:51.372,MCSLab RTT AP1,24:29:34:e2:4c:36,-69,5327,566,6054532002,true
11-2,2024-12-27 15:55:51.372,MCSLab RTT AP2,24:29:34:e1:ef:d4,-65,513,238,6054532002,true
11-2,2024-12-27 15:55:51.372,MCSLab RTT AP3,e4:5e:1b:a0:5e:85,-62,6719,600,6054532002,true
11-2,2024-12-27 15:55:51.372,MCSLab RTT AP1,24:29:34:e2:4c:36,-69,5327,566,6054532002,true
11-2,2024-12-27 15:55:51.372,MCSLab RTT AP3,b0:e4:d5:88:16:86,-59,2518,1161,6054532002,true
11-2,2024-12-27 15:55:51.514,MCSLab RTT AP2,24:29:34:e1:ef:d4,-65,542,238,6054532147,true
11-2,2024-12-27 15:55:51.514,MCSLab RTT AP2,24:29:34:e1:ef:d4,-65,542,238,6054532147,true
11-2,2024-12-27 15:55:51.514,MCSLab RTT AP3,e4:5e:1b:a0:5e:85,-62,6777,437,6054532147,true
11-2,2024-12-27 15:55:51.514,MCSLab RTT AP2,24:29:34:e1:ef:d4,-65,542,238,6054532147,true
11-2,2024-12-27 15:55:51.514,MCSLab RTT AP3,e4:5e:1b:a0:5e:85,-62,6777,437,6054532147,true
11-2,2024-12-27 15:55:51.514,MCSLab RTT AP1,24:29:34:e2:4c:36,-69,5376,370,6054532147,true
11-2,2024-12-27 15:55:51.514,MCSLab RTT AP2,24:29:34:e1:ef:d4,-65,542,238,6054532147,true
11-2,2024-12-27 15:55:51.514,MCSLab RTT AP3,e4:5e:1b:a0:5e:85,-62,6777,437,6054532147,true
11-2,2024-12-27 15:55:51.514,MCSLab RTT AP1,24:29:34:e2:4c:36,-69,5376,370,6054532147,true
11-2,2024-12-27 15:55:51.514,MCSLab RTT AP3,b0:e4:d5:88:16:86,-64,2586,1123,6054532147,true
11-2,2024-12-27 15:55:51.636,MCSLab RTT AP2,24:29:34:e1:ef:d4,-65,454,192,6054532271,true
11-2,2024-12-27 15:55:51.636,MCSLab RTT AP2,24:29:34:e1:ef:d4,-65,454,192,6054532271,true
11-2,2024-12-27 15:55:51.636,MCSLab RTT AP3,e4:5e:1b:a0:5e:85,-62,6631,594,6054532271,true
11-2,2024-12-27 15:55:51.636,MCSLab RTT AP2,24:29:34:e1:ef:d4,-65,454,192,6054532271,true
11-2,2024-12-27 15:55:51.636,MCSLab RTT AP3,e4:5e:1b:a0:5e:85,-62,6631,594,6054532271,true
11-2,2024-12-27 15:55:51.636,MCSLab RTT AP1,24:29:34:e2:4c:36,-69,5522,308,6054532271,true
11-2,2024-12-27 15:55:51.636,MCSLab RTT AP2,24:29:34:e1:ef:d4,-65,454,192,6054532271,true
11-2,2024-12-27 15:55:51.636,MCSLab RTT AP3,e4:5e:1b:a0:5e:85,-62,6631,594,6054532271,true
11-2,2024-12-27 15:55:51.636,MCSLab RTT AP1,24:29:34:e2:4c:36,-69,5522,308,6054532271,true
11-2,2024-12-27 15:55:51.636,MCSLab RTT AP3,b0:e4:d5:88:16:86,-62,2703,1210,6054532271,true
11-2,2024-12-27 15:55:51.779,MCSLab RTT AP2,24:29:34:e1:ef:d4,-64,366,139,6054532412,true
11-2,2024-12-27 15:55:51.779,MCSLab RTT AP2,24:29:34:e1:ef:d4,-64,366,139,6054532412,true
11-2,2024-12-27 15:55:51.779,MCSLab RTT AP3,e4:5e:1b:a0:5e:85,-62,6435,816,6054532412,true
11-2,2024-12-27 15:55:51.779,MCSLab RTT AP2,24:29:34:e1:ef:d4,-64,366,139,6054532412,true
11-2,2024-12-27 15:55:51.779,MCSLab RTT AP3,e4:5e:1b:a0:5e:85,-62,6435,816,6054532412,true
11-2,2024-12-27 15:55:51.779,MCSLab RTT AP1,24:29:34:e2:4c:36,-69,5288,512,6054532412,true
11-2,2024-12-27 15:55:51.779,MCSLab RTT AP2,24:29:34:e1:ef:d4,-64,366,139,6054532412,true
11-2,2024-12-27 15:55:51.779,MCSLab RTT AP3,e4:5e:1b:a0:5e:85,-62,6435,816,6054532412,true
11-2,2024-12-27 15:55:51.779,MCSLab RTT AP1,24:29:34:e2:4c:36,-69,5288,512,6054532412,true
11-2,2024-12-27 15:55:51.779,MCSLab RTT AP3,b0:e4:d5:88:16:86,-64,2703,1113,6054532412,true
11-2,2024-12-27 15:55:51.912,MCSLab RTT AP2,24:29:34:e1:ef:d4,-65,425,192,6054532547,true
11-2,2024-12-27 15:55:51.912,MCSLab RTT AP2,24:29:34:e1:ef:d4,-65,425,192,6054532547,true
11-2,2024-12-27 15:55:51.912,MCSLab RTT AP3,e4:5e:1b:a0:5e:85,-62,6719,551,6054532546,true
11-2,2024-12-27 15:55:51.912,MCSLab RTT AP2,24:29:34:e1:ef:d4,-65,425,192,6054532547,true
11-2,2024-12-27 15:55:51.912,MCSLab RTT AP3,e4:5e:1b:a0:5e:85,-62,6719,551,6054532546,true
11-2,2024-12-27 15:55:51.912,MCSLab RTT AP1,24:29:34:e2:4c:36,-69,5561,419,6054532546,true
11-2,2024-12-27 15:55:51.912,MCSLab RTT AP2,24:29:34:e1:ef:d4,-65,425,192,6054532547,true
11-2,2024-12-27 15:55:51.912,MCSLab RTT AP3,e4:5e:1b:a0:5e:85,-62,6719,551,6054532546,true
11-2,2024-12-27 15:55:51.912,MCSLab RTT AP1,24:29:34:e2:4c:36,-69,5561,419,6054532546,true
11-2,2024-12-27 15:55:51.912,MCSLab RTT AP3,b0:e4:d5:88:16:86,-64,2430,1171,6054532546,true
11-2,2024-12-27 15:55:52.053,MCSLab RTT AP2,24:29:34:e1:ef:d4,-65,513,205,6054532685,true
11-2,2024-12-27 15:55:52.053,MCSLab RTT AP2,24:29:34:e1:ef:d4,-65,513,205,6054532685,true
11-2,2024-12-27 15:55:52.053,MCSLab RTT AP3,e4:5e:1b:a0:5e:85,-60,6494,732,6054532685,true
11-2,2024-12-27 15:55:52.053,MCSLab RTT AP2,24:29:34:e1:ef:d4,-65,513,205,6054532685,true
11-2,2024-12-27 15:55:52.053,MCSLab RTT AP3,e4:5e:1b:a0:5e:85,-60,6494,732,6054532685,true
11-2,2024-12-27 15:55:52.053,MCSLab RTT AP1,24:29:34:e2:4c:36,-69,5640,398,6054532685,true
11-2,2024-12-27 15:55:52.053,MCSLab RTT AP2,24:29:34:e1:ef:d4,-65,513,205,6054532685,true
11-2,2024-12-27 15:55:52.053,MCSLab RTT AP3,e4:5e:1b:a0:5e:85,-60,6494,732,6054532685,true
11-2,2024-12-27 15:55:52.053,MCSLab RTT AP1,24:29:34:e2:4c:36,-69,5640,398,6054532685,true
11-2,2024-12-27 15:55:52.053,MCSLab RTT AP3,b0:e4:d5:88:16:86,-64,2508,1240,6054532685,true
11-2,2024-12-27 15:55:52.198,MCSLab RTT AP2,24:29:34:e1:ef:d4,-65,600,303,6054532830,true
11-2,2024-12-27 15:55:52.198,MCSLab RTT AP2,24:29:34:e1:ef:d4,-65,600,303,6054532830,true
11-2,2024-12-27 15:55:52.198,MCSLab RTT AP3,e4:5e:1b:a0:5e:85,-62,6719,546,6054532830,true
11-2,2024-12-27 15:55:52.198,MCSLab RTT AP2,24:29:34:e1:ef:d4,-65,600,303,6054532830,true
11-2,2024-12-27 15:55:52.198,MCSLab RTT AP3,e4:5e:1b:a0:5e:85,-62,6719,546,6054532830,true
11-2,2024-12-27 15:55:52.198,MCSLab RTT AP1,24:29:34:e2:4c:36,-69,5210,520,6054532830,true
11-2,2024-12-27 15:55:52.198,MCSLab RTT AP2,24:29:34:e1:ef:d4,-65,600,303,6054532830,true
11-2,2024-12-27 15:55:52.198,MCSLab RTT AP3,e4:5e:1b:a0:5e:85,-62,6719,546,6054532830,true
11-2,2024-12-27 15:55:52.198,MCSLab RTT AP1,24:29:34:e2:4c:36,-69,5210,520,6054532830,true
11-2,2024-12-27 15:55:52.198,MCSLab RTT AP3,b0:e4:d5:88:16:86,-64,2469,1213,6054532830,true
11-2,2024-12-27 15:55:52.344,MCSLab RTT AP2,24:29:34:e1:ef:d4,-65,542,263,6054532977,true
11-2,2024-12-27 15:55:52.344,MCSLab RTT AP2,24:29:34:e1:ef:d4,-65,542,263,6054532977,true
11-2,2024-12-27 15:55:52.344,MCSLab RTT AP3,e4:5e:1b:a0:5e:85,-62,6807,547,6054532977,true
11-2,2024-12-27 15:55:52.344,MCSLab RTT AP2,24:29:34:e1:ef:d4,-65,542,263,6054532977,true
11-2,2024-12-27 15:55:52.344,MCSLab RTT AP3,e4:5e:1b:a0:5e:85,-62,6807,547,6054532977,true
11-2,2024-12-27 15:55:52.344,MCSLab RTT AP1,24:29:34:e2:4c:36,-69,5171,618,6054532977,true
11-2,2024-12-27 15:55:52.344,MCSLab RTT AP2,24:29:34:e1:ef:d4,-65,542,263,6054532977,true
11-2,2024-12-27 15:55:52.344,MCSLab RTT AP3,e4:5e:1b:a0:5e:85,-62,6807,547,6054532977,true
11-2,2024-12-27 15:55:52.344,MCSLab RTT AP1,24:29:34:e2:4c:36,-69,5171,618,6054532977,true
11-2,2024-12-27 15:55:52.344,MCSLab RTT AP3,b0:e4:d5:88:16:86,-64,2469,1167,6054532977,true
11-2,2024-12-27 15:55:52.499,MCSLab RTT AP2,24:29:34:e1:ef:d4,-65,512,290,6054533131,true
11-2,2024-12-27 15:55:52.499,MCSLab RTT AP2,24:29:34:e1:ef:d4,-65,512,290,6054533131,true
11-2,2024-12-27 15:55:52.499,MCSLab RTT AP3,e4:5e:1b:a0:5e:85,-62,6836,545,6054533131,true
11-2,2024-12-27 15:55:52.499,MCSLab RTT AP2,24:29:34:e1:ef:d4,-65,512,290,6054533131,true
11-2,2024-12-27 15:55:52.499,MCSLab RTT AP3,e4:5e:1b:a0:5e:85,-62,6836,545,6054533131,true
11-2,2024-12-27 15:55:52.499,MCSLab RTT AP1,24:29:34:e2:4c:36,-69,5405,441,6054533131,true
11-2,2024-12-27 15:55:52.499,MCSLab RTT AP2,24:29:34:e1:ef:d4,-65,512,290,6054533131,true
11-2,2024-12-27 15:55:52.499,MCSLab RTT AP3,e4:5e:1b:a0:5e:85,-62,6836,545,6054533131,true
11-2,2024-12-27 15:55:52.499,MCSLab RTT AP1,24:29:34:e2:4c:36,-69,5405,441,6054533131,true
11-2,2024-12-27 15:55:52.499,MCSLab RTT AP3,b0:e4:d5:88:16:86,-62,2394,1294,6054533131,true
11-2,2024-12-27 15:55:52.644,MCSLab RTT AP2,24:29:34:e1:ef:d4,-65,337,303,6054533277,true
11-2,2024-12-27 15:55:52.644,MCSLab RTT AP2,24:29:34:e1:ef:d4,-65,337,303,6054533277,true
11-2,2024-12-27 15:55:52.644,MCSLab RTT AP3,e4:5e:1b:a0:5e:85,-60,6631,664,6054533277,true
11-2,2024-12-27 15:55:52.644,MCSLab RTT AP2,24:29:34:e1:ef:d4,-65,337,303,6054533277,true
11-2,2024-12-27 15:55:52.644,MCSLab RTT AP3,e4:5e:1b:a0:5e:85,-60,6631,664,6054533277,true
11-2,2024-12-27 15:55:52.644,MCSLab RTT AP1,24:29:34:e2:4c:36,-69,5249,515,6054533277,true
11-2,2024-12-27 15:55:52.644,MCSLab RTT AP2,24:29:34:e1:ef:d4,-65,337,303,6054533277,true
11-2,2024-12-27 15:55:52.644,MCSLab RTT AP3,e4:5e:1b:a0:5e:85,-60,6631,664,6054533277,true
11-2,2024-12-27 15:55:52.644,MCSLab RTT AP1,24:29:34:e2:4c:36,-69,5249,515,6054533277,true
11-2,2024-12-27 15:55:52.644,MCSLab RTT AP3,b0:e4:d5:88:16:86,-64,2469,1200,6054533277,true
11-2,2024-12-27 15:55:52.789,MCSLab RTT AP2,24:29:34:e1:ef:d4,-65,444,265,6054533421,true
11-2,2024-12-27 15:55:52.789,MCSLab RTT AP2,24:29:34:e1:ef:d4,-65,444,265,6054533421,true
11-2,2024-12-27 15:55:52.789,MCSLab RTT AP3,e4:5e:1b:a0:5e:85,-62,6660,584,6054533421,true
11-2,2024-12-27 15:55:52.789,MCSLab RTT AP2,24:29:34:e1:ef:d4,-65,444,265,6054533421,true
11-2,2024-12-27 15:55:52.789,MCSLab RTT AP3,e4:5e:1b:a0:5e:85,-62,6660,584,6054533421,true
11-2,2024-12-27 15:55:52.789,MCSLab RTT AP1,24:29:34:e2:4c:36,-69,5249,877,6054533421,true
11-2,2024-12-27 15:55:52.789,MCSLab RTT AP2,24:29:34:e1:ef:d4,-65,444,265,6054533421,true
11-2,2024-12-27 15:55:52.789,MCSLab RTT AP3,e4:5e:1b:a0:5e:85,-62,6660,584,6054533421,true
11-2,2024-12-27 15:55:52.789,MCSLab RTT AP1,24:29:34:e2:4c:36,-69,5249,877,6054533421,true
11-2,2024-12-27 15:55:52.789,MCSLab RTT AP3,b0:e4:d5:88:16:86,-64,2508,1176,6054533421,true
11-2,2024-12-27 15:55:52.932,MCSLab RTT AP2,24:29:34:e1:ef:d4,-65,307,279,6054533565,true
11-2,2024-12-27 15:55:52.932,MCSLab RTT AP2,24:29:34:e1:ef:d4,-65,307,279,6054533565,true
11-2,2024-12-27 15:55:52.932,MCSLab RTT AP3,e4:5e:1b:a0:5e:85,-62,6865,579,6054533565,true
11-2,2024-12-27 15:55:52.932,MCSLab RTT AP2,24:29:34:e1:ef:d4,-65,307,279,6054533565,true
11-2,2024-12-27 15:55:52.932,MCSLab RTT AP3,e4:5e:1b:a0:5e:85,-62,6865,579,6054533565,true
11-2,2024-12-27 15:55:52.932,MCSLab RTT AP1,24:29:34:e2:4c:36,-69,5405,480,6054533565,true
11-2,2024-12-27 15:55:52.932,MCSLab RTT AP2,24:29:34:e1:ef:d4,-65,307,279,6054533565,true
11-2,2024-12-27 15:55:52.932,MCSLab RTT AP3,e4:5e:1b:a0:5e:85,-62,6865,579,6054533565,true
11-2,2024-12-27 15:55:52.932,MCSLab RTT AP1,24:29:34:e2:4c:36,-69,5405,480,6054533565,true
11-2,2024-12-27 15:55:52.932,MCSLab RTT AP3,b0:e4:d5:88:16:86,-64,2469,1241,6054533565,true
11-2,2024-12-27 15:55:53.079,MCSLab RTT AP2,24:29:34:e1:ef:d4,-64,366,280,6054533711,true
11-2,2024-12-27 15:55:53.079,MCSLab RTT AP2,24:29:34:e1:ef:d4,-64,366,280,6054533711,true
11-2,2024-12-27 15:55:53.079,MCSLab RTT AP3,e4:5e:1b:a0:5e:85,-60,6640,722,6054533711,true
11-2,2024-12-27 15:55:53.079,MCSLab RTT AP2,24:29:34:e1:ef:d4,-64,366,280,6054533711,true
11-2,2024-12-27 15:55:53.079,MCSLab RTT AP3,e4:5e:1b:a0:5e:85,-60,6640,722,6054533711,true
11-2,2024-12-27 15:55:53.079,MCSLab RTT AP1,24:29:34:e2:4c:36,-69,5444,348,6054533711,true
11-2,2024-12-27 15:55:53.079,MCSLab RTT AP2,24:29:34:e1:ef:d4,-64,366,280,6054533711,true
11-2,2024-12-27 15:55:53.079,MCSLab RTT AP3,e4:5e:1b:a0:5e:85,-60,6640,722,6054533711,true
11-2,2024-12-27 15:55:53.079,MCSLab RTT AP1,24:29:34:e2:4c:36,-69,5444,348,6054533711,true
11-2,2024-12-27 15:55:53.079,MCSLab RTT AP3,b0:e4:d5:88:16:86,-63,2469,1225,6054533710,true
11-2,2024-12-27 15:55:53.226,MCSLab RTT AP2,24:29:34:e1:ef:d4,-65,337,220,6054533858,true
11-2,2024-12-27 15:55:53.226,MCSLab RTT AP2,24:29:34:e1:ef:d4,-65,337,220,6054533858,true
11-2,2024-12-27 15:55:53.226,MCSLab RTT AP3,e4:5e:1b:a0:5e:85,-61,6865,482,6054533858,true
11-2,2024-12-27 15:55:53.226,MCSLab RTT AP2,24:29:34:e1:ef:d4,-65,337,220,6054533858,true
11-2,2024-12-27 15:55:53.226,MCSLab RTT AP3,e4:5e:1b:a0:5e:85,-61,6865,482,6054533858,true
11-2,2024-12-27 15:55:53.226,MCSLab RTT AP1,24:29:34:e2:4c:36,-68,5210,482,6054533858,true
11-2,2024-12-27 15:55:53.226,MCSLab RTT AP2,24:29:34:e1:ef:d4,-65,337,220,6054533858,true
11-2,2024-12-27 15:55:53.226,MCSLab RTT AP3,e4:5e:1b:a0:5e:85,-61,6865,482,6054533858,true
11-2,2024-12-27 15:55:53.226,MCSLab RTT AP1,24:29:34:e2:4c:36,-68,5210,482,6054533858,true
11-2,2024-12-27 15:55:53.226,MCSLab RTT AP3,b0:e4:d5:88:16:86,-63,2547,1173,6054533858,true
11-2,2024-12-27 15:55:53.372,MCSLab RTT AP2,24:29:34:e1:ef:d4,-65,278,330,6054534005,true
11-2,2024-12-27 15:55:53.372,MCSLab RTT AP2,24:29:34:e1:ef:d4,-65,278,330,6054534005,true
11-2,2024-12-27 15:55:53.372,MCSLab RTT AP3,e4:5e:1b:a0:5e:85,-62,6836,617,6054534005,true
11-2,2024-12-27 15:55:53.372,MCSLab RTT AP2,24:29:34:e1:ef:d4,-65,278,330,6054534005,true
11-2,2024-12-27 15:55:53.372,MCSLab RTT AP3,e4:5e:1b:a0:5e:85,-62,6836,617,6054534005,true
11-2,2024-12-27 15:55:53.372,MCSLab RTT AP1,24:29:34:e2:4c:36,-68,5249,565,6054534005,true
11-2,2024-12-27 15:55:53.372,MCSLab RTT AP2,24:29:34:e1:ef:d4,-65,278,330,6054534005,true
11-2,2024-12-27 15:55:53.372,MCSLab RTT AP3,e4:5e:1b:a0:5e:85,-62,6836,617,6054534005,true
11-2,2024-12-27 15:55:53.372,MCSLab RTT AP1,24:29:34:e2:4c:36,-68,5249,565,6054534005,true
11-2,2024-12-27 15:55:53.372,MCSLab RTT AP3,b0:e4:d5:88:16:86,-56,3938,2460,6054534005,true
11-2,2024-12-27 15:55:53.521,MCSLab RTT AP2,24:29:34:e1:ef:d4,-65,249,379,6054534154,true
11-2,2024-12-27 15:55:53.521,MCSLab RTT AP2,24:29:34:e1:ef:d4,-65,249,379,6054534154,true
11-2,2024-12-27 15:55:53.521,MCSLab RTT AP3,e4:5e:1b:a0:5e:85,-62,6807,607,6054534153,true
11-2,2024-12-27 15:55:53.521,MCSLab RTT AP2,24:29:34:e1:ef:d4,-65,249,379,6054534154,true
11-2,2024-12-27 15:55:53.521,MCSLab RTT AP3,e4:5e:1b:a0:5e:85,-62,6807,607,6054534153,true
11-2,2024-12-27 15:55:53.521,MCSLab RTT AP1,24:29:34:e2:4c:36,-69,5200,513,6054534153,true
11-2,2024-12-27 15:55:53.521,MCSLab RTT AP2,24:29:34:e1:ef:d4,-65,249,379,6054534154,true
11-2,2024-12-27 15:55:53.521,MCSLab RTT AP3,e4:5e:1b:a0:5e:85,-62,6807,607,6054534153,true
11-2,2024-12-27 15:55:53.521,MCSLab RTT AP1,24:29:34:e2:4c:36,-69,5200,513,6054534153,true
11-2,2024-12-27 15:55:53.521,MCSLab RTT AP3,b0:e4:d5:88:16:86,-64,2430,1232,6054534153,true
11-2,2024-12-27 15:55:53.660,MCSLab RTT AP2,24:29:34:e1:ef:d4,-65,219,289,6054534291,true
11-2,2024-12-27 15:55:53.660,MCSLab RTT AP2,24:29:34:e1:ef:d4,-65,219,289,6054534291,true
11-2,2024-12-27 15:55:53.660,MCSLab RTT AP3,e4:5e:1b:a0:5e:85,-62,6807,607,6054534291,true
11-2,2024-12-27 15:55:53.660,MCSLab RTT AP2,24:29:34:e1:ef:d4,-65,219,289,6054534291,true
11-2,2024-12-27 15:55:53.660,MCSLab RTT AP3,e4:5e:1b:a0:5e:85,-62,6807,607,6054534291,true
11-2,2024-12-27 15:55:53.660,MCSLab RTT AP1,24:29:34:e2:4c:36,-69,5249,475,6054534291,true
11-2,2024-12-27 15:55:53.660,MCSLab RTT AP2,24:29:34:e1:ef:d4,-65,219,289,6054534291,true
11-2,2024-12-27 15:55:53.660,MCSLab RTT AP3,e4:5e:1b:a0:5e:85,-62,6807,607,6054534291,true
11-2,2024-12-27 15:55:53.660,MCSLab RTT AP1,24:29:34:e2:4c:36,-69,5249,475,6054534291,true
11-2,2024-12-27 15:55:53.660,MCSLab RTT AP3,b0:e4:d5:88:16:86,-64,2235,1344,6054534291,true
11-2,2024-12-27 15:55:53.805,MCSLab RTT AP2,24:29:34:e1:ef:d4,-65,249,261,6054534438,true
11-2,2024-12-27 15:55:53.805,MCSLab RTT AP2,24:29:34:e1:ef:d4,-65,249,261,6054534438,true
11-2,2024-12-27 15:55:53.805,MCSLab RTT AP3,e4:5e:1b:a0:5e:85,-62,6768,619,6054534438,true
11-2,2024-12-27 15:55:53.805,MCSLab RTT AP2,24:29:34:e1:ef:d4,-65,249,261,6054534438,true
11-2,2024-12-27 15:55:53.805,MCSLab RTT AP3,e4:5e:1b:a0:5e:85,-62,6768,619,6054534438,true
11-2,2024-12-27 15:55:53.805,MCSLab RTT AP1,24:29:34:e2:4c:36,-69,5366,496,6054534438,true
11-2,2024-12-27 15:55:53.805,MCSLab RTT AP2,24:29:34:e1:ef:d4,-65,249,261,6054534438,true
11-2,2024-12-27 15:55:53.805,MCSLab RTT AP3,e4:5e:1b:a0:5e:85,-62,6768,619,6054534438,true
11-2,2024-12-27 15:55:53.805,MCSLab RTT AP1,24:29:34:e2:4c:36,-69,5366,496,6054534438,true
11-2,2024-12-27 15:55:53.805,MCSLab RTT AP3,b0:e4:d5:88:16:86,-61,2313,1246,6054534438,true
11-2,2024-12-27 15:55:53.951,MCSLab RTT AP2,24:29:34:e1:ef:d4,-65,219,296,6054534579,true
11-2,2024-12-27 15:55:53.951,MCSLab RTT AP2,24:29:34:e1:ef:d4,-65,219,296,6054534579,true
11-2,2024-12-27 15:55:53.951,MCSLab RTT AP3,e4:5e:1b:a0:5e:85,-62,6777,638,6054534579,true
11-2,2024-12-27 15:55:53.951,MCSLab RTT AP2,24:29:34:e1:ef:d4,-65,219,296,6054534579,true
11-2,2024-12-27 15:55:53.951,MCSLab RTT AP3,e4:5e:1b:a0:5e:85,-62,6777,638,6054534579,true
11-2,2024-12-27 15:55:53.951,MCSLab RTT AP1,24:29:34:e2:4c:36,-62,5127,536,6054534579,true
11-2,2024-12-27 15:55:53.951,MCSLab RTT AP2,24:29:34:e1:ef:d4,-65,219,296,6054534579,true
11-2,2024-12-27 15:55:53.951,MCSLab RTT AP3,e4:5e:1b:a0:5e:85,-62,6777,638,6054534579,true
11-2,2024-12-27 15:55:53.951,MCSLab RTT AP1,24:29:34:e2:4c:36,-62,5127,536,6054534579,true
11-2,2024-12-27 15:55:53.951,MCSLab RTT AP3,b0:e4:d5:88:16:86,-63,2508,1224,6054534579,true
11-2,2024-12-27 15:55:54.094,MCSLab RTT AP2,24:29:34:e1:ef:d4,-65,220,305,6054534727,true
11-2,2024-12-27 15:55:54.094,MCSLab RTT AP2,24:29:34:e1:ef:d4,-65,220,305,6054534727,true
11-2,2024-12-27 15:55:54.094,MCSLab RTT AP3,e4:5e:1b:a0:5e:85,-62,6777,662,6054534726,true
11-2,2024-12-27 15:55:54.094,MCSLab RTT AP2,24:29:34:e1:ef:d4,-65,220,305,6054534727,true
11-2,2024-12-27 15:55:54.094,MCSLab RTT AP3,e4:5e:1b:a0:5e:85,-62,6777,662,6054534726,true
11-2,2024-12-27 15:55:54.094,MCSLab RTT AP1,24:29:34:e2:4c:36,-69,5561,419,6054534726,true
11-2,2024-12-27 15:55:54.094,MCSLab RTT AP2,24:29:34:e1:ef:d4,-65,220,305,6054534727,true
11-2,2024-12-27 15:55:54.094,MCSLab RTT AP3,e4:5e:1b:a0:5e:85,-62,6777,662,6054534726,true
11-2,2024-12-27 15:55:54.094,MCSLab RTT AP1,24:29:34:e2:4c:36,-69,5561,419,6054534726,true
11-2,2024-12-27 15:55:54.094,MCSLab RTT AP3,b0:e4:d5:88:16:86,-63,2586,1225,6054534726,true
11-2,2024-12-27 15:55:54.236,MCSLab RTT AP2,24:29:34:e1:ef:d4,-65,337,249,6054534870,true
11-2,2024-12-27 15:55:54.236,MCSLab RTT AP2,24:29:34:e1:ef:d4,-65,337,249,6054534870,true
11-2,2024-12-27 15:55:54.236,MCSLab RTT AP3,e4:5e:1b:a0:5e:85,-62,6807,587,6054534870,true
11-2,2024-12-27 15:55:54.236,MCSLab RTT AP2,24:29:34:e1:ef:d4,-65,337,249,6054534870,true
11-2,2024-12-27 15:55:54.236,MCSLab RTT AP3,e4:5e:1b:a0:5e:85,-62,6807,587,6054534870,true
11-2,2024-12-27 15:55:54.236,MCSLab RTT AP1,24:29:34:e2:4c:36,-69,5444,406,6054534870,true
11-2,2024-12-27 15:55:54.236,MCSLab RTT AP2,24:29:34:e1:ef:d4,-65,337,249,6054534870,true
11-2,2024-12-27 15:55:54.236,MCSLab RTT AP3,e4:5e:1b:a0:5e:85,-62,6807,587,6054534870,true
11-2,2024-12-27 15:55:54.236,MCSLab RTT AP1,24:29:34:e2:4c:36,-69,5444,406,6054534870,true
11-2,2024-12-27 15:55:54.236,MCSLab RTT AP3,b0:e4:d5:88:16:86,-63,2547,1208,6054534869,true
11-2,2024-12-27 15:55:54.373,MCSLab RTT AP2,24:29:34:e1:ef:d4,-65,395,145,6054535007,true
11-2,2024-12-27 15:55:54.373,MCSLab RTT AP2,24:29:34:e1:ef:d4,-65,395,145,6054535007,true
11-2,2024-12-27 15:55:54.373,MCSLab RTT AP3,e4:5e:1b:a0:5e:85,-62,6807,575,6054535007,true
11-2,2024-12-27 15:55:54.373,MCSLab RTT AP2,24:29:34:e1:ef:d4,-65,395,145,6054535007,true
11-2,2024-12-27 15:55:54.373,MCSLab RTT AP3,e4:5e:1b:a0:5e:85,-62,6807,575,6054535007,true
11-2,2024-12-27 15:55:54.373,MCSLab RTT AP1,24:29:34:e2:4c:36,-69,5522,473,6054535007,true
11-2,2024-12-27 15:55:54.373,MCSLab RTT AP2,24:29:34:e1:ef:d4,-65,395,145,6054535007,true
11-2,2024-12-27 15:55:54.373,MCSLab RTT AP3,e4:5e:1b:a0:5e:85,-62,6807,575,6054535007,true
11-2,2024-12-27 15:55:54.373,MCSLab RTT AP1,24:29:34:e2:4c:36,-69,5522,473,6054535007,true
11-2,2024-12-27 15:55:54.373,MCSLab RTT AP3,b0:e4:d5:88:16:86,-62,2586,1172,6054535007,true
11-2,2024-12-27 15:55:54.518,MCSLab RTT AP2,24:29:34:e1:ef:d4,-65,278,242,6054535152,true
11-2,2024-12-27 15:55:54.518,MCSLab RTT AP2,24:29:34:e1:ef:d4,-65,278,242,6054535152,true
11-2,2024-12-27 15:55:54.518,MCSLab RTT AP3,e4:5e:1b:a0:5e:85,-62,6777,600,6054535152,true
11-2,2024-12-27 15:55:54.518,MCSLab RTT AP2,24:29:34:e1:ef:d4,-65,278,242,6054535152,true
11-2,2024-12-27 15:55:54.518,MCSLab RTT AP3,e4:5e:1b:a0:5e:85,-62,6777,600,6054535152,true
11-2,2024-12-27 15:55:54.518,MCSLab RTT AP1,24:29:34:e2:4c:36,-69,5483,344,6054535152,true
11-2,2024-12-27 15:55:54.518,MCSLab RTT AP2,24:29:34:e1:ef:d4,-65,278,242,6054535152,true
11-2,2024-12-27 15:55:54.518,MCSLab RTT AP3,e4:5e:1b:a0:5e:85,-62,6777,600,6054535152,true
11-2,2024-12-27 15:55:54.518,MCSLab RTT AP1,24:29:34:e2:4c:36,-69,5483,344,6054535152,true
11-2,2024-12-27 15:55:54.518,MCSLab RTT AP3,b0:e4:d5:88:16:86,-61,2508,1210,6054535151,true
11-2,2024-12-27 15:55:54.662,MCSLab RTT AP2,24:29:34:e1:ef:d4,-65,366,296,6054535295,true
11-2,2024-12-27 15:55:54.662,MCSLab RTT AP2,24:29:34:e1:ef:d4,-65,366,296,6054535295,true
11-2,2024-12-27 15:55:54.662,MCSLab RTT AP3,e4:5e:1b:a0:5e:85,-62,6807,551,6054535295,true
11-2,2024-12-27 15:55:54.662,MCSLab RTT AP2,24:29:34:e1:ef:d4,-65,366,296,6054535295,true
11-2,2024-12-27 15:55:54.662,MCSLab RTT AP3,e4:5e:1b:a0:5e:85,-62,6807,551,6054535295,true
11-2,2024-12-27 15:55:54.662,MCSLab RTT AP1,24:29:34:e2:4c:36,-63,5288,538,6054535295,true
11-2,2024-12-27 15:55:54.662,MCSLab RTT AP2,24:29:34:e1:ef:d4,-65,366,296,6054535295,true
11-2,2024-12-27 15:55:54.662,MCSLab RTT AP3,e4:5e:1b:a0:5e:85,-62,6807,551,6054535295,true
11-2,2024-12-27 15:55:54.662,MCSLab RTT AP1,24:29:34:e2:4c:36,-63,5288,538,6054535295,true
11-2,2024-12-27 15:55:54.662,MCSLab RTT AP3,b0:e4:d5:88:16:86,-63,2508,1207,6054535295,true
11-2,2024-12-27 15:55:54.803,MCSLab RTT AP2,24:29:34:e1:ef:d4,-65,395,318,6054535436,true
11-2,2024-12-27 15:55:54.803,MCSLab RTT AP2,24:29:34:e1:ef:d4,-65,395,318,6054535436,true
11-2,2024-12-27 15:55:54.803,MCSLab RTT AP3,e4:5e:1b:a0:5e:85,-62,6836,501,6054535436,true
11-2,2024-12-27 15:55:54.803,MCSLab RTT AP2,24:29:34:e1:ef:d4,-65,395,318,6054535436,true
11-2,2024-12-27 15:55:54.803,MCSLab RTT AP3,e4:5e:1b:a0:5e:85,-62,6836,501,6054535436,true
11-2,2024-12-27 15:55:54.803,MCSLab RTT AP1,24:29:34:e2:4c:36,-69,5210,462,6054535436,true
11-2,2024-12-27 15:55:54.803,MCSLab RTT AP2,24:29:34:e1:ef:d4,-65,395,318,6054535436,true
11-2,2024-12-27 15:55:54.803,MCSLab RTT AP3,e4:5e:1b:a0:5e:85,-62,6836,501,6054535436,true
11-2,2024-12-27 15:55:54.803,MCSLab RTT AP1,24:29:34:e2:4c:36,-69,5210,462,6054535436,true
11-2,2024-12-27 15:55:54.803,MCSLab RTT AP3,b0:e4:d5:88:16:86,-58,4998,2700,6054535436,true
11-2,2024-12-27 15:55:54.955,MCSLab RTT AP2,24:29:34:e1:ef:d4,-65,337,306,6054535587,true
11-2,2024-12-27 15:55:54.955,MCSLab RTT AP2,24:29:34:e1:ef:d4,-65,337,306,6054535587,true
11-2,2024-12-27 15:55:54.955,MCSLab RTT AP3,e4:5e:1b:a0:5e:85,-58,6836,433,6054535587,true
11-2,2024-12-27 15:55:54.955,MCSLab RTT AP2,24:29:34:e1:ef:d4,-65,337,306,6054535587,true
11-2,2024-12-27 15:55:54.955,MCSLab RTT AP3,e4:5e:1b:a0:5e:85,-58,6836,433,6054535587,true
11-2,2024-12-27 15:55:54.955,MCSLab RTT AP1,24:29:34:e2:4c:36,-70,5366,505,6054535587,true
11-2,2024-12-27 15:55:54.955,MCSLab RTT AP2,24:29:34:e1:ef:d4,-65,337,306,6054535587,true
11-2,2024-12-27 15:55:54.955,MCSLab RTT AP3,e4:5e:1b:a0:5e:85,-58,6836,433,6054535587,true
11-2,2024-12-27 15:55:54.955,MCSLab RTT AP1,24:29:34:e2:4c:36,-70,5366,505,6054535587,true
11-2,2024-12-27 15:55:54.955,MCSLab RTT AP3,b0:e4:d5:88:16:86,-63,2625,1194,6054535587,true
11-2,2024-12-27 15:55:55.099,MCSLab RTT AP2,24:29:34:e1:ef:d4,-65,249,311,6054535732,true
11-2,2024-12-27 15:55:55.099,MCSLab RTT AP2,24:29:34:e1:ef:d4,-65,249,311,6054535732,true
11-2,2024-12-27 15:55:55.099,MCSLab RTT AP3,e4:5e:1b:a0:5e:85,-62,6807,539,6054535731,true
11-2,2024-12-27 15:55:55.099,MCSLab RTT AP2,24:29:34:e1:ef:d4,-65,249,311,6054535732,true
11-2,2024-12-27 15:55:55.099,MCSLab RTT AP3,e4:5e:1b:a0:5e:85,-62,6807,539,6054535731,true
11-2,2024-12-27 15:55:55.099,MCSLab RTT AP1,24:29:34:e2:4c:36,-69,5288,485,6054535731,true
11-2,2024-12-27 15:55:55.099,MCSLab RTT AP2,24:29:34:e1:ef:d4,-65,249,311,6054535732,true
11-2,2024-12-27 15:55:55.099,MCSLab RTT AP3,e4:5e:1b:a0:5e:85,-62,6807,539,6054535731,true
11-2,2024-12-27 15:55:55.099,MCSLab RTT AP1,24:29:34:e2:4c:36,-69,5288,485,6054535731,true
11-2,2024-12-27 15:55:55.099,MCSLab RTT AP3,b0:e4:d5:88:16:86,-63,2743,1105,6054535731,true
11-2,2024-12-27 15:55:55.243,MCSLab RTT AP2,24:29:34:e1:ef:d4,-64,190,248,6054535877,true
11-2,2024-12-27 15:55:55.243,MCSLab RTT AP2,24:29:34:e1:ef:d4,-64,190,248,6054535877,true
11-2,2024-12-27 15:55:55.243,MCSLab RTT AP3,e4:5e:1b:a0:5e:85,-60,6748,591,6054535877,true
11-2,2024-12-27 15:55:55.243,MCSLab RTT AP2,24:29:34:e1:ef:d4,-64,190,248,6054535877,true
11-2,2024-12-27 15:55:55.243,MCSLab RTT AP3,e4:5e:1b:a0:5e:85,-60,6748,591,6054535877,true
11-2,2024-12-27 15:55:55.243,MCSLab RTT AP1,24:29:34:e2:4c:36,-69,5522,455,6054535877,true
11-2,2024-12-27 15:55:55.243,MCSLab RTT AP2,24:29:34:e1:ef:d4,-64,190,248,6054535877,true
11-2,2024-12-27 15:55:55.243,MCSLab RTT AP3,e4:5e:1b:a0:5e:85,-60,6748,591,6054535877,true
11-2,2024-12-27 15:55:55.243,MCSLab RTT AP1,24:29:34:e2:4c:36,-69,5522,455,6054535877,true
11-2,2024-12-27 15:55:55.243,MCSLab RTT AP3,b0:e4:d5:88:16:86,-63,2703,1138,6054535877,true
11-2,2024-12-27 15:55:55.389,MCSLab RTT AP2,24:29:34:e1:ef:d4,-65,278,298,6054536021,true
11-2,2024-12-27 15:55:55.389,MCSLab RTT AP2,24:29:34:e1:ef:d4,-65,278,298,6054536021,true
11-2,2024-12-27 15:55:55.389,MCSLab RTT AP3,e4:5e:1b:a0:5e:85,-62,6748,599,6054536021,true
11-2,2024-12-27 15:55:55.389,MCSLab RTT AP2,24:29:34:e1:ef:d4,-65,278,298,6054536021,true
11-2,2024-12-27 15:55:55.389,MCSLab RTT AP3,e4:5e:1b:a0:5e:85,-62,6748,599,6054536021,true
11-2,2024-12-27 15:55:55.389,MCSLab RTT AP1,24:29:34:e2:4c:36,-69,5366,520,6054536021,true
11-2,2024-12-27 15:55:55.389,MCSLab RTT AP2,24:29:34:e1:ef:d4,-65,278,298,6054536021,true
11-2,2024-12-27 15:55:55.389,MCSLab RTT AP3,e4:5e:1b:a0:5e:85,-62,6748,599,6054536021,true
11-2,2024-12-27 15:55:55.389,MCSLab RTT AP1,24:29:34:e2:4c:36,-69,5366,520,6054536021,true
11-2,2024-12-27 15:55:55.389,MCSLab RTT AP3,b0:e4:d5:88:16:86,-63,2664,1137,6054536021,true
11-2,2024-12-27 15:55:55.525,MCSLab RTT AP2,24:29:34:e1:ef:d4,-64,249,289,6054536158,true
11-2,2024-12-27 15:55:55.525,MCSLab RTT AP2,24:29:34:e1:ef:d4,-64,249,289,6054536158,true
11-2,2024-12-27 15:55:55.525,MCSLab RTT AP3,e4:5e:1b:a0:5e:85,-62,6836,564,6054536158,true
11-2,2024-12-27 15:55:55.525,MCSLab RTT AP2,24:29:34:e1:ef:d4,-64,249,289,6054536158,true
11-2,2024-12-27 15:55:55.525,MCSLab RTT AP3,e4:5e:1b:a0:5e:85,-62,6836,564,6054536158,true
11-2,2024-12-27 15:55:55.525,MCSLab RTT AP1,24:29:34:e2:4c:36,-69,5288,496,6054536158,true
11-2,2024-12-27 15:55:55.525,MCSLab RTT AP2,24:29:34:e1:ef:d4,-64,249,289,6054536158,true
11-2,2024-12-27 15:55:55.525,MCSLab RTT AP3,e4:5e:1b:a0:5e:85,-62,6836,564,6054536158,true
11-2,2024-12-27 15:55:55.525,MCSLab RTT AP1,24:29:34:e2:4c:36,-69,5288,496,6054536158,true
11-2,2024-12-27 15:55:55.525,MCSLab RTT AP3,b0:e4:d5:88:16:86,-63,2508,1210,6054536158,true
11-2,2024-12-27 15:55:55.663,MCSLab RTT AP2,24:29:34:e1:ef:d4,-64,190,362,6054536298,true
11-2,2024-12-27 15:55:55.663,MCSLab RTT AP2,24:29:34:e1:ef:d4,-64,190,362,6054536298,true
11-2,2024-12-27 15:55:55.663,MCSLab RTT AP3,e4:5e:1b:a0:5e:85,-62,6807,575,6054536298,true
11-2,2024-12-27 15:55:55.663,MCSLab RTT AP2,24:29:34:e1:ef:d4,-64,190,362,6054536298,true
11-2,2024-12-27 15:55:55.663,MCSLab RTT AP3,e4:5e:1b:a0:5e:85,-62,6807,575,6054536298,true
11-2,2024-12-27 15:55:55.663,MCSLab RTT AP1,24:29:34:e2:4c:36,-69,5522,463,6054536298,true
11-2,2024-12-27 15:55:55.663,MCSLab RTT AP2,24:29:34:e1:ef:d4,-64,190,362,6054536298,true
11-2,2024-12-27 15:55:55.663,MCSLab RTT AP3,e4:5e:1b:a0:5e:85,-62,6807,575,6054536298,true
11-2,2024-12-27 15:55:55.663,MCSLab RTT AP1,24:29:34:e2:4c:36,-69,5522,463,6054536298,true
11-2,2024-12-27 15:55:55.663,MCSLab RTT AP3,b0:e4:d5:88:16:86,-63,2664,1190,6054536298,true
11-2,2024-12-27 15:55:55.810,MCSLab RTT AP2,24:29:34:e1:ef:d4,-64,132,353,6054536442,true
11-2,2024-12-27 15:55:55.810,MCSLab RTT AP2,24:29:34:e1:ef:d4,-64,132,353,6054536442,true
11-2,2024-12-27 15:55:55.810,MCSLab RTT AP3,e4:5e:1b:a0:5e:85,-60,6611,800,6054536442,true
11-2,2024-12-27 15:55:55.810,MCSLab RTT AP2,24:29:34:e1:ef:d4,-64,132,353,6054536442,true
11-2,2024-12-27 15:55:55.810,MCSLab RTT AP3,e4:5e:1b:a0:5e:85,-60,6611,800,6054536442,true
11-2,2024-12-27 15:55:55.810,MCSLab RTT AP1,24:29:34:e2:4c:36,-69,5171,570,6054536442,true
11-2,2024-12-27 15:55:55.810,MCSLab RTT AP2,24:29:34:e1:ef:d4,-64,132,353,6054536442,true
11-2,2024-12-27 15:55:55.810,MCSLab RTT AP3,e4:5e:1b:a0:5e:85,-60,6611,800,6054536442,true
11-2,2024-12-27 15:55:55.810,MCSLab RTT AP1,24:29:34:e2:4c:36,-69,5171,570,6054536442,true
11-2,2024-12-27 15:55:55.810,MCSLab RTT AP3,b0:e4:d5:88:16:86,-63,2625,1205,6054536442,true
11-2,2024-12-27 15:55:55.956,MCSLab RTT AP2,24:29:34:e1:ef:d4,-64,161,398,6054536590,true
11-2,2024-12-27 15:55:55.956,MCSLab RTT AP2,24:29:34:e1:ef:d4,-64,161,398,6054536590,true
11-2,2024-12-27 15:55:55.956,MCSLab RTT AP3,e4:5e:1b:a0:5e:85,-60,6807,572,6054536589,true
11-2,2024-12-27 15:55:55.956,MCSLab RTT AP2,24:29:34:e1:ef:d4,-64,161,398,6054536590,true
11-2,2024-12-27 15:55:55.956,MCSLab RTT AP3,e4:5e:1b:a0:5e:85,-60,6807,572,6054536589,true
11-2,2024-12-27 15:55:55.956,MCSLab RTT AP1,24:29:34:e2:4c:36,-69,5327,445,6054536589,true
11-2,2024-12-27 15:55:55.956,MCSLab RTT AP2,24:29:34:e1:ef:d4,-64,161,398,6054536590,true
11-2,2024-12-27 15:55:55.956,MCSLab RTT AP3,e4:5e:1b:a0:5e:85,-60,6807,572,6054536589,true
11-2,2024-12-27 15:55:55.956,MCSLab RTT AP1,24:29:34:e2:4c:36,-69,5327,445,6054536589,true
11-2,2024-12-27 15:55:55.956,MCSLab RTT AP3,b0:e4:d5:88:16:86,-63,2664,1143,6054536589,true
11-2,2024-12-27 15:55:56.102,MCSLab RTT AP2,24:29:34:e1:ef:d4,-64,132,431,6054536734,true
11-2,2024-12-27 15:55:56.102,MCSLab RTT AP2,24:29:34:e1:ef:d4,-64,132,431,6054536734,true
11-2,2024-12-27 15:55:56.102,MCSLab RTT AP3,e4:5e:1b:a0:5e:85,-62,6601,722,6054536734,true
11-2,2024-12-27 15:55:56.102,MCSLab RTT AP2,24:29:34:e1:ef:d4,-64,132,431,6054536734,true
11-2,2024-12-27 15:55:56.102,MCSLab RTT AP3,e4:5e:1b:a0:5e:85,-62,6601,722,6054536734,true
11-2,2024-12-27 15:55:56.102,MCSLab RTT AP1,24:29:34:e2:4c:36,-62,5439,408,6054536734,true
11-2,2024-12-27 15:55:56.102,MCSLab RTT AP2,24:29:34:e1:ef:d4,-64,132,431,6054536734,true
11-2,2024-12-27 15:55:56.102,MCSLab RTT AP3,e4:5e:1b:a0:5e:85,-62,6601,722,6054536734,true
11-2,2024-12-27 15:55:56.102,MCSLab RTT AP1,24:29:34:e2:4c:36,-62,5439,408,6054536734,true
11-2,2024-12-27 15:55:56.102,MCSLab RTT AP3,b0:e4:d5:88:16:86,-63,2547,1232,6054536734,true
11-2,2024-12-27 15:55:56.247,MCSLab RTT AP2,24:29:34:e1:ef:d4,-64,249,261,6054536879,true
11-2,2024-12-27 15:55:56.247,MCSLab RTT AP2,24:29:34:e1:ef:d4,-64,249,261,6054536879,true
11-2,2024-12-27 15:55:56.247,MCSLab RTT AP3,e4:5e:1b:a0:5e:85,-62,6836,567,6054536879,true
11-2,2024-12-27 15:55:56.247,MCSLab RTT AP2,24:29:34:e1:ef:d4,-64,249,261,6054536879,true
11-2,2024-12-27 15:55:56.247,MCSLab RTT AP3,e4:5e:1b:a0:5e:85,-62,6836,567,6054536879,true
11-2,2024-12-27 15:55:56.247,MCSLab RTT AP1,24:29:34:e2:4c:36,-69,5327,528,6054536879,true
11-2,2024-12-27 15:55:56.247,MCSLab RTT AP2,24:29:34:e1:ef:d4,-64,249,261,6054536879,true
11-2,2024-12-27 15:55:56.247,MCSLab RTT AP3,e4:5e:1b:a0:5e:85,-62,6836,567,6054536879,true
11-2,2024-12-27 15:55:56.247,MCSLab RTT AP1,24:29:34:e2:4c:36,-69,5327,528,6054536879,true
11-2,2024-12-27 15:55:56.247,MCSLab RTT AP3,b0:e4:d5:88:16:86,-63,2655,1186,6054536879,true
11-2,2024-12-27 15:55:56.401,MCSLab RTT AP2,24:29:34:e1:ef:d4,-64,102,374,6054537034,true
11-2,2024-12-27 15:55:56.401,MCSLab RTT AP2,24:29:34:e1:ef:d4,-64,102,374,6054537034,true
11-2,2024-12-27 15:55:56.401,MCSLab RTT AP3,e4:5e:1b:a0:5e:85,-62,6836,570,6054537034,true
11-2,2024-12-27 15:55:56.401,MCSLab RTT AP2,24:29:34:e1:ef:d4,-64,102,374,6054537034,true
11-2,2024-12-27 15:55:56.401,MCSLab RTT AP3,e4:5e:1b:a0:5e:85,-62,6836,570,6054537034,true
11-2,2024-12-27 15:55:56.401,MCSLab RTT AP1,24:29:34:e2:4c:36,-69,5288,538,6054537034,true
11-2,2024-12-27 15:55:56.401,MCSLab RTT AP2,24:29:34:e1:ef:d4,-64,102,374,6054537034,true
11-2,2024-12-27 15:55:56.401,MCSLab RTT AP3,e4:5e:1b:a0:5e:85,-62,6836,570,6054537034,true
11-2,2024-12-27 15:55:56.401,MCSLab RTT AP1,24:29:34:e2:4c:36,-69,5288,538,6054537034,true
11-2,2024-12-27 15:55:56.401,MCSLab RTT AP3,b0:e4:d5:88:16:86,-63,2469,1151,6054537034,true
11-2,2024-12-27 15:55:56.545,MCSLab RTT AP2,24:29:34:e1:ef:d4,-64,190,379,6054537178,true
11-2,2024-12-27 15:55:56.545,MCSLab RTT AP2,24:29:34:e1:ef:d4,-64,190,379,6054537178,true
11-2,2024-12-27 15:55:56.545,MCSLab RTT AP3,e4:5e:1b:a0:5e:85,-62,6865,570,6054537178,true
11-2,2024-12-27 15:55:56.545,MCSLab RTT AP2,24:29:34:e1:ef:d4,-64,190,379,6054537178,true
11-2,2024-12-27 15:55:56.545,MCSLab RTT AP3,e4:5e:1b:a0:5e:85,-62,6865,570,6054537178,true
11-2,2024-12-27 15:55:56.545,MCSLab RTT AP1,24:29:34:e2:4c:36,-68,5366,530,6054537178,true
11-2,2024-12-27 15:55:56.545,MCSLab RTT AP2,24:29:34:e1:ef:d4,-64,190,379,6054537178,true
11-2,2024-12-27 15:55:56.545,MCSLab RTT AP3,e4:5e:1b:a0:5e:85,-62,6865,570,6054537178,true
11-2,2024-12-27 15:55:56.545,MCSLab RTT AP1,24:29:34:e2:4c:36,-68,5366,530,6054537178,true
11-2,2024-12-27 15:55:56.545,MCSLab RTT AP3,b0:e4:d5:88:16:86,-63,2508,1152,6054537178,true
11-2,2024-12-27 15:55:56.689,MCSLab RTT AP2,24:29:34:e1:ef:d4,-64,220,328,6054537322,true
11-2,2024-12-27 15:55:56.689,MCSLab RTT AP2,24:29:34:e1:ef:d4,-64,220,328,6054537322,true
11-2,2024-12-27 15:55:56.689,MCSLab RTT AP3,e4:5e:1b:a0:5e:85,-62,6777,654,6054537322,true
11-2,2024-12-27 15:55:56.689,MCSLab RTT AP2,24:29:34:e1:ef:d4,-64,220,328,6054537322,true
11-2,2024-12-27 15:55:56.689,MCSLab RTT AP3,e4:5e:1b:a0:5e:85,-62,6777,654,6054537322,true
11-2,2024-12-27 15:55:56.689,MCSLab RTT AP1,24:29:34:e2:4c:36,-68,5171,599,6054537322,true
11-2,2024-12-27 15:55:56.689,MCSLab RTT AP2,24:29:34:e1:ef:d4,-64,220,328,6054537322,true
11-2,2024-12-27 15:55:56.689,MCSLab RTT AP3,e4:5e:1b:a0:5e:85,-62,6777,654,6054537322,true
11-2,2024-12-27 15:55:56.689,MCSLab RTT AP1,24:29:34:e2:4c:36,-68,5171,599,6054537322,true
11-2,2024-12-27 15:55:56.689,MCSLab RTT AP3,b0:e4:d5:88:16:86,-63,2469,1227,6054537322,true
11-2,2024-12-27 15:55:56.850,MCSLab RTT AP2,24:29:34:e1:ef:d4,-64,278,268,6054537482,true
11-2,2024-12-27 15:55:56.850,MCSLab RTT AP2,24:29:34:e1:ef:d4,-64,278,268,6054537482,true
11-2,2024-12-27 15:55:56.850,MCSLab RTT AP3,e4:5e:1b:a0:5e:85,-62,6807,638,6054537482,true
11-2,2024-12-27 15:55:56.850,MCSLab RTT AP2,24:29:34:e1:ef:d4,-64,278,268,6054537482,true
11-2,2024-12-27 15:55:56.850,MCSLab RTT AP3,e4:5e:1b:a0:5e:85,-62,6807,638,6054537482,true
11-2,2024-12-27 15:55:56.850,MCSLab RTT AP1,24:29:34:e2:4c:36,-68,5327,493,6054537482,true
11-2,2024-12-27 15:55:56.850,MCSLab RTT AP2,24:29:34:e1:ef:d4,-64,278,268,6054537482,true
11-2,2024-12-27 15:55:56.850,MCSLab RTT AP3,e4:5e:1b:a0:5e:85,-62,6807,638,6054537482,true
11-2,2024-12-27 15:55:56.850,MCSLab RTT AP1,24:29:34:e2:4c:36,-68,5327,493,6054537482,true
11-2,2024-12-27 15:55:56.850,MCSLab RTT AP3,b0:e4:d5:88:16:86,-63,2625,1177,6054537482,true
11-2,2024-12-27 15:55:57.002,MCSLab RTT AP2,24:29:34:e1:ef:d4,-64,307,248,6054537636,true
11-2,2024-12-27 15:55:57.002,MCSLab RTT AP2,24:29:34:e1:ef:d4,-64,307,248,6054537636,true
11-2,2024-12-27 15:55:57.002,MCSLab RTT AP3,e4:5e:1b:a0:5e:85,-62,6982,466,6054537636,true
11-2,2024-12-27 15:55:57.002,MCSLab RTT AP2,24:29:34:e1:ef:d4,-64,307,248,6054537636,true
11-2,2024-12-27 15:55:57.002,MCSLab RTT AP3,e4:5e:1b:a0:5e:85,-62,6982,466,6054537636,true
11-2,2024-12-27 15:55:57.002,MCSLab RTT AP1,24:29:34:e2:4c:36,-68,5405,452,6054537636,true
11-2,2024-12-27 15:55:57.002,MCSLab RTT AP2,24:29:34:e1:ef:d4,-64,307,248,6054537636,true
11-2,2024-12-27 15:55:57.002,MCSLab RTT AP3,e4:5e:1b:a0:5e:85,-62,6982,466,6054537636,true
11-2,2024-12-27 15:55:57.002,MCSLab RTT AP1,24:29:34:e2:4c:36,-68,5405,452,6054537636,true
11-2,2024-12-27 15:55:57.002,MCSLab RTT AP3,b0:e4:d5:88:16:86,-63,2625,1105,6054537636,true
11-2,2024-12-27 15:55:57.150,MCSLab RTT AP2,24:29:34:e1:ef:d4,-64,161,242,6054537782,true
11-2,2024-12-27 15:55:57.150,MCSLab RTT AP2,24:29:34:e1:ef:d4,-64,161,242,6054537782,true
11-2,2024-12-27 15:55:57.150,MCSLab RTT AP3,e4:5e:1b:a0:5e:85,-62,6777,677,6054537781,true
11-2,2024-12-27 15:55:57.150,MCSLab RTT AP2,24:29:34:e1:ef:d4,-64,161,242,6054537782,true
11-2,2024-12-27 15:55:57.150,MCSLab RTT AP3,e4:5e:1b:a0:5e:85,-62,6777,677,6054537781,true
11-2,2024-12-27 15:55:57.150,MCSLab RTT AP1,24:29:34:e2:4c:36,-68,5444,477,6054537781,true
11-2,2024-12-27 15:55:57.150,MCSLab RTT AP2,24:29:34:e1:ef:d4,-64,161,242,6054537782,true
11-2,2024-12-27 15:55:57.150,MCSLab RTT AP3,e4:5e:1b:a0:5e:85,-62,6777,677,6054537781,true
11-2,2024-12-27 15:55:57.150,MCSLab RTT AP1,24:29:34:e2:4c:36,-68,5444,477,6054537781,true
11-2,2024-12-27 15:55:57.150,MCSLab RTT AP3,b0:e4:d5:88:16:86,-63,2547,1232,6054537781,true
11-2,2024-12-27 15:55:57.299,MCSLab RTT AP2,24:29:34:e1:ef:d4,-64,249,276,6054537929,true
11-2,2024-12-27 15:55:57.299,MCSLab RTT AP2,24:29:34:e1:ef:d4,-64,249,276,6054537929,true
11-2,2024-12-27 15:55:57.299,MCSLab RTT AP3,e4:5e:1b:a0:5e:85,-62,6807,617,6054537929,true
11-2,2024-12-27 15:55:57.299,MCSLab RTT AP2,24:29:34:e1:ef:d4,-64,249,276,6054537929,true
11-2,2024-12-27 15:55:57.299,MCSLab RTT AP3,e4:5e:1b:a0:5e:85,-62,6807,617,6054537929,true
11-2,2024-12-27 15:55:57.299,MCSLab RTT AP1,24:29:34:e2:4c:36,-69,5444,433,6054537929,true
11-2,2024-12-27 15:55:57.299,MCSLab RTT AP2,24:29:34:e1:ef:d4,-64,249,276,6054537929,true
11-2,2024-12-27 15:55:57.299,MCSLab RTT AP3,e4:5e:1b:a0:5e:85,-62,6807,617,6054537929,true
11-2,2024-12-27 15:55:57.299,MCSLab RTT AP1,24:29:34:e2:4c:36,-69,5444,433,6054537929,true
11-2,2024-12-27 15:55:57.299,MCSLab RTT AP3,b0:e4:d5:88:16:86,-61,2508,1234,6054537929,true
11-2,2024-12-27 15:55:57.439,MCSLab RTT AP2,24:29:34:e1:ef:d4,-64,219,257,6054538073,true
11-2,2024-12-27 15:55:57.439,MCSLab RTT AP2,24:29:34:e1:ef:d4,-64,219,257,6054538073,true
11-2,2024-12-27 15:55:57.439,MCSLab RTT AP3,e4:5e:1b:a0:5e:85,-62,6777,633,6054538073,true
11-2,2024-12-27 15:55:57.439,MCSLab RTT AP2,24:29:34:e1:ef:d4,-64,219,257,6054538073,true
11-2,2024-12-27 15:55:57.439,MCSLab RTT AP3,e4:5e:1b:a0:5e:85,-62,6777,633,6054538073,true
11-2,2024-12-27 15:55:57.439,MCSLab RTT AP1,24:29:34:e2:4c:36,-68,5405,445,6054538073,true
11-2,2024-12-27 15:55:57.439,MCSLab RTT AP2,24:29:34:e1:ef:d4,-64,219,257,6054538073,true
11-2,2024-12-27 15:55:57.439,MCSLab RTT AP3,e4:5e:1b:a0:5e:85,-62,6777,633,6054538073,true
11-2,2024-12-27 15:55:57.439,MCSLab RTT AP1,24:29:34:e2:4c:36,-68,5405,445,6054538073,true
11-2,2024-12-27 15:55:57.439,MCSLab RTT AP3,b0:e4:d5:88:16:86,-63,2547,1132,6054538072,true
11-2,2024-12-27 15:55:57.583,MCSLab RTT AP2,24:29:34:e1:ef:d4,-64,161,341,6054538215,true
11-2,2024-12-27 15:55:57.583,MCSLab RTT AP2,24:29:34:e1:ef:d4,-64,161,341,6054538215,true
11-2,2024-12-27 15:55:57.583,MCSLab RTT AP3,e4:5e:1b:a0:5e:85,-62,6924,566,6054538215,true
11-2,2024-12-27 15:55:57.583,MCSLab RTT AP2,24:29:34:e1:ef:d4,-64,161,341,6054538215,true
11-2,2024-12-27 15:55:57.583,MCSLab RTT AP3,e4:5e:1b:a0:5e:85,-62,6924,566,6054538215,true
11-2,2024-12-27 15:55:57.583,MCSLab RTT AP1,24:29:34:e2:4c:36,-68,5444,452,6054538215,true
11-2,2024-12-27 15:55:57.583,MCSLab RTT AP2,24:29:34:e1:ef:d4,-64,161,341,6054538215,true
11-2,2024-12-27 15:55:57.583,MCSLab RTT AP3,e4:5e:1b:a0:5e:85,-62,6924,566,6054538215,true
11-2,2024-12-27 15:55:57.583,MCSLab RTT AP1,24:29:34:e2:4c:36,-68,5444,452,6054538215,true
11-2,2024-12-27 15:55:57.583,MCSLab RTT AP3,b0:e4:d5:88:16:86,-63,2586,1140,6054538215,true
11-2,2024-12-27 15:55:57.727,MCSLab RTT AP2,24:29:34:e1:ef:d4,-64,278,220,6054538359,true
11-2,2024-12-27 15:55:57.727,MCSLab RTT AP2,24:29:34:e1:ef:d4,-64,278,220,6054538359,true
11-2,2024-12-27 15:55:57.727,MCSLab RTT AP3,e4:5e:1b:a0:5e:85,-62,6719,697,6054538359,true
11-2,2024-12-27 15:55:57.727,MCSLab RTT AP2,24:29:34:e1:ef:d4,-64,278,220,6054538359,true
11-2,2024-12-27 15:55:57.727,MCSLab RTT AP3,e4:5e:1b:a0:5e:85,-62,6719,697,6054538359,true
11-2,2024-12-27 15:55:57.727,MCSLab RTT AP1,24:29:34:e2:4c:36,-68,5288,538,6054538359,true
11-2,2024-12-27 15:55:57.727,MCSLab RTT AP2,24:29:34:e1:ef:d4,-64,278,220,6054538359,true
11-2,2024-12-27 15:55:57.727,MCSLab RTT AP3,e4:5e:1b:a0:5e:85,-62,6719,697,6054538359,true
11-2,2024-12-27 15:55:57.727,MCSLab RTT AP1,24:29:34:e2:4c:36,-68,5288,538,6054538359,true
11-2,2024-12-27 15:55:57.727,MCSLab RTT AP3,b0:e4:d5:88:16:86,-63,2625,1194,6054538359,true
11-2,2024-12-27 15:55:57.875,MCSLab RTT AP2,24:29:34:e1:ef:d4,-64,190,248,6054538507,true
11-2,2024-12-27 15:55:57.875,MCSLab RTT AP2,24:29:34:e1:ef:d4,-64,190,248,6054538507,true
11-2,2024-12-27 15:55:57.875,MCSLab RTT AP3,e4:5e:1b:a0:5e:85,-62,6924,516,6054538506,true
11-2,2024-12-27 15:55:57.875,MCSLab RTT AP2,24:29:34:e1:ef:d4,-64,190,248,6054538507,true
11-2,2024-12-27 15:55:57.875,MCSLab RTT AP3,e4:5e:1b:a0:5e:85,-62,6924,516,6054538506,true
11-2,2024-12-27 15:55:57.875,MCSLab RTT AP1,24:29:34:e2:4c:36,-68,5171,570,6054538507,true
11-2,2024-12-27 15:55:57.875,MCSLab RTT AP2,24:29:34:e1:ef:d4,-64,190,248,6054538507,true
11-2,2024-12-27 15:55:57.875,MCSLab RTT AP3,e4:5e:1b:a0:5e:85,-62,6924,516,6054538506,true
11-2,2024-12-27 15:55:57.875,MCSLab RTT AP1,24:29:34:e2:4c:36,-68,5171,570,6054538507,true
11-2,2024-12-27 15:55:57.875,MCSLab RTT AP3,b0:e4:d5:88:16:86,-63,2508,1205,6054538506,true
11-2,2024-12-27 15:55:58.021,MCSLab RTT AP2,24:29:34:e1:ef:d4,-64,219,271,6054538655,true
11-2,2024-12-27 15:55:58.021,MCSLab RTT AP2,24:29:34:e1:ef:d4,-64,219,271,6054538655,true
11-2,2024-12-27 15:55:58.021,MCSLab RTT AP3,e4:5e:1b:a0:5e:85,-62,6777,619,6054538655,true
11-2,2024-12-27 15:55:58.021,MCSLab RTT AP2,24:29:34:e1:ef:d4,-64,219,271,6054538655,true
11-2,2024-12-27 15:55:58.021,MCSLab RTT AP3,e4:5e:1b:a0:5e:85,-62,6777,619,6054538655,true
11-2,2024-12-27 15:55:58.021,MCSLab RTT AP1,24:29:34:e2:4c:36,-68,5327,562,6054538655,true
11-2,2024-12-27 15:55:58.021,MCSLab RTT AP2,24:29:34:e1:ef:d4,-64,219,271,6054538655,true
11-2,2024-12-27 15:55:58.021,MCSLab RTT AP3,e4:5e:1b:a0:5e:85,-62,6777,619,6054538655,true
11-2,2024-12-27 15:55:58.021,MCSLab RTT AP1,24:29:34:e2:4c:36,-68,5327,562,6054538655,true
11-2,2024-12-27 15:55:58.021,MCSLab RTT AP3,b0:e4:d5:88:16:86,-63,2625,1163,6054538655,true
11-2,2024-12-27 15:55:58.212,MCSLab RTT AP2,24:29:34:e1:ef:d4,-64,278,285,6054538825,true
11-2,2024-12-27 15:55:58.212,MCSLab RTT AP2,24:29:34:e1:ef:d4,-64,278,285,6054538825,true
11-2,2024-12-27 15:55:58.212,MCSLab RTT AP3,e4:5e:1b:a0:5e:85,-62,6719,616,6054538825,true
11-2,2024-12-27 15:55:58.212,MCSLab RTT AP2,24:29:34:e1:ef:d4,-64,278,285,6054538825,true
11-2,2024-12-27 15:55:58.212,MCSLab RTT AP3,e4:5e:1b:a0:5e:85,-62,6719,616,6054538825,true
11-2,2024-12-27 15:55:58.212,MCSLab RTT AP1,24:29:34:e2:4c:36,-68,5327,433,6054538825,true
11-2,2024-12-27 15:55:58.212,MCSLab RTT AP2,24:29:34:e1:ef:d4,-64,278,285,6054538825,true
11-2,2024-12-27 15:55:58.212,MCSLab RTT AP3,e4:5e:1b:a0:5e:85,-62,6719,616,6054538825,true
11-2,2024-12-27 15:55:58.212,MCSLab RTT AP1,24:29:34:e2:4c:36,-68,5327,433,6054538825,true
11-2,2024-12-27 15:55:58.212,MCSLab RTT AP3,b0:e4:d5:88:16:86,-63,2586,1170,6054538824,true
11-2,2024-12-27 15:55:58.341,MCSLab RTT AP2,24:29:34:e1:ef:d4,-64,278,261,6054538974,true
11-2,2024-12-27 15:55:58.341,MCSLab RTT AP2,24:29:34:e1:ef:d4,-64,278,261,6054538974,true
11-2,2024-12-27 15:55:58.341,MCSLab RTT AP3,e4:5e:1b:a0:5e:85,-62,6689,636,6054538974,true
11-2,2024-12-27 15:55:58.341,MCSLab RTT AP2,24:29:34:e1:ef:d4,-64,278,261,6054538974,true
11-2,2024-12-27 15:55:58.341,MCSLab RTT AP3,e4:5e:1b:a0:5e:85,-62,6689,636,6054538974,true
11-2,2024-12-27 15:55:58.341,MCSLab RTT AP1,24:29:34:e2:4c:36,-68,5288,495,6054538974,true
11-2,2024-12-27 15:55:58.341,MCSLab RTT AP2,24:29:34:e1:ef:d4,-64,278,261,6054538974,true
11-2,2024-12-27 15:55:58.341,MCSLab RTT AP3,e4:5e:1b:a0:5e:85,-62,6689,636,6054538974,true
11-2,2024-12-27 15:55:58.341,MCSLab RTT AP1,24:29:34:e2:4c:36,-68,5288,495,6054538974,true
11-2,2024-12-27 15:55:58.341,MCSLab RTT AP3,b0:e4:d5:88:16:86,-63,2430,1232,6054538974,true
11-2,2024-12-27 15:55:58.505,MCSLab RTT AP2,24:29:34:e1:ef:d4,-64,249,248,6054539138,true
11-2,2024-12-27 15:55:58.505,MCSLab RTT AP2,24:29:34:e1:ef:d4,-64,249,248,6054539138,true
11-2,2024-12-27 15:55:58.505,MCSLab RTT AP3,e4:5e:1b:a0:5e:85,-62,6748,626,6054539138,true
11-2,2024-12-27 15:55:58.505,MCSLab RTT AP2,24:29:34:e1:ef:d4,-64,249,248,6054539138,true
11-2,2024-12-27 15:55:58.505,MCSLab RTT AP3,e4:5e:1b:a0:5e:85,-62,6748,626,6054539138,true
11-2,2024-12-27 15:55:58.505,MCSLab RTT AP1,24:29:34:e2:4c:36,-68,5405,398,6054539138,true
11-2,2024-12-27 15:55:58.505,MCSLab RTT AP2,24:29:34:e1:ef:d4,-64,249,248,6054539138,true
11-2,2024-12-27 15:55:58.505,MCSLab RTT AP3,e4:5e:1b:a0:5e:85,-62,6748,626,6054539138,true
11-2,2024-12-27 15:55:58.505,MCSLab RTT AP1,24:29:34:e2:4c:36,-68,5405,398,6054539138,true
11-2,2024-12-27 15:55:58.505,MCSLab RTT AP3,b0:e4:d5:88:16:86,-58,2128,1423,6054539137,true
11-2,2024-12-27 15:55:58.653,MCSLab RTT AP2,24:29:34:e1:ef:d4,-64,307,272,6054539286,true
11-2,2024-12-27 15:55:58.653,MCSLab RTT AP2,24:29:34:e1:ef:d4,-64,307,272,6054539286,true
11-2,2024-12-27 15:55:58.653,MCSLab RTT AP3,e4:5e:1b:a0:5e:85,-62,6836,574,6054539286,true
11-2,2024-12-27 15:55:58.653,MCSLab RTT AP2,24:29:34:e1:ef:d4,-64,307,272,6054539286,true
11-2,2024-12-27 15:55:58.653,MCSLab RTT AP3,e4:5e:1b:a0:5e:85,-62,6836,574,6054539286,true
11-2,2024-12-27 15:55:58.653,MCSLab RTT AP1,24:29:34:e2:4c:36,-68,5249,520,6054539286,true
11-2,2024-12-27 15:55:58.653,MCSLab RTT AP2,24:29:34:e1:ef:d4,-64,307,272,6054539286,true
11-2,2024-12-27 15:55:58.653,MCSLab RTT AP3,e4:5e:1b:a0:5e:85,-62,6836,574,6054539286,true
11-2,2024-12-27 15:55:58.653,MCSLab RTT AP1,24:29:34:e2:4c:36,-68,5249,520,6054539286,true
11-2,2024-12-27 15:55:58.653,MCSLab RTT AP3,b0:e4:d5:88:16:86,-63,2469,1196,6054539285,true
11-2,2024-12-27 15:55:58.799,MCSLab RTT AP2,24:29:34:e1:ef:d4,-65,190,405,6054539432,true
11-2,2024-12-27 15:55:58.799,MCSLab RTT AP2,24:29:34:e1:ef:d4,-65,190,405,6054539432,true
11-2,2024-12-27 15:55:58.799,MCSLab RTT AP3,e4:5e:1b:a0:5e:85,-62,6777,575,6054539432,true
11-2,2024-12-27 15:55:58.799,MCSLab RTT AP2,24:29:34:e1:ef:d4,-65,190,405,6054539432,true
11-2,2024-12-27 15:55:58.799,MCSLab RTT AP3,e4:5e:1b:a0:5e:85,-62,6777,575,6054539432,true
11-2,2024-12-27 15:55:58.799,MCSLab RTT AP1,24:29:34:e2:4c:36,-68,5483,459,6054539432,true
11-2,2024-12-27 15:55:58.799,MCSLab RTT AP2,24:29:34:e1:ef:d4,-65,190,405,6054539432,true
11-2,2024-12-27 15:55:58.799,MCSLab RTT AP3,e4:5e:1b:a0:5e:85,-62,6777,575,6054539432,true
11-2,2024-12-27 15:55:58.799,MCSLab RTT AP1,24:29:34:e2:4c:36,-68,5483,459,6054539432,true
11-2,2024-12-27 15:55:58.799,MCSLab RTT AP3,b0:e4:d5:88:16:86,-58,1581,1846,6054539432,true
11-2,2024-12-27 15:55:58.945,MCSLab RTT AP2,24:29:34:e1:ef:d4,-65,307,362,6054539579,true
11-2,2024-12-27 15:55:58.945,MCSLab RTT AP2,24:29:34:e1:ef:d4,-65,307,362,6054539579,true
11-2,2024-12-27 15:55:58.945,MCSLab RTT AP3,e4:5e:1b:a0:5e:85,-60,6787,614,6054539579,true
11-2,2024-12-27 15:55:58.945,MCSLab RTT AP2,24:29:34:e1:ef:d4,-65,307,362,6054539579,true
11-2,2024-12-27 15:55:58.945,MCSLab RTT AP3,e4:5e:1b:a0:5e:85,-60,6787,614,6054539579,true
11-2,2024-12-27 15:55:58.945,MCSLab RTT AP1,24:29:34:e2:4c:36,-69,5444,445,6054539579,true
11-2,2024-12-27 15:55:58.945,MCSLab RTT AP2,24:29:34:e1:ef:d4,-65,307,362,6054539579,true
11-2,2024-12-27 15:55:58.945,MCSLab RTT AP3,e4:5e:1b:a0:5e:85,-60,6787,614,6054539579,true
11-2,2024-12-27 15:55:58.945,MCSLab RTT AP1,24:29:34:e2:4c:36,-69,5444,445,6054539579,true
11-2,2024-12-27 15:55:58.945,MCSLab RTT AP3,b0:e4:d5:88:16:86,-63,2664,1162,6054539579,true
11-2,2024-12-27 15:55:59.091,MCSLab RTT AP2,24:29:34:e1:ef:d4,-65,278,356,6054539724,true
11-2,2024-12-27 15:55:59.091,MCSLab RTT AP2,24:29:34:e1:ef:d4,-65,278,356,6054539724,true
11-2,2024-12-27 15:55:59.091,MCSLab RTT AP3,e4:5e:1b:a0:5e:85,-62,6748,600,6054539723,true
11-2,2024-12-27 15:55:59.091,MCSLab RTT AP2,24:29:34:e1:ef:d4,-65,278,356,6054539724,true
11-2,2024-12-27 15:55:59.091,MCSLab RTT AP3,e4:5e:1b:a0:5e:85,-62,6748,600,6054539723,true
11-2,2024-12-27 15:55:59.091,MCSLab RTT AP1,24:29:34:e2:4c:36,-69,5405,552,6054539724,true
11-2,2024-12-27 15:55:59.091,MCSLab RTT AP2,24:29:34:e1:ef:d4,-65,278,356,6054539724,true
11-2,2024-12-27 15:55:59.091,MCSLab RTT AP3,e4:5e:1b:a0:5e:85,-62,6748,600,6054539723,true
11-2,2024-12-27 15:55:59.091,MCSLab RTT AP1,24:29:34:e2:4c:36,-69,5405,552,6054539724,true
11-2,2024-12-27 15:55:59.091,MCSLab RTT AP3,b0:e4:d5:88:16:86,-63,2743,1045,6054539723,true
11-2,2024-12-27 15:55:59.234,MCSLab RTT AP2,24:29:34:e1:ef:d4,-65,307,285,6054539868,true
11-2,2024-12-27 15:55:59.234,MCSLab RTT AP2,24:29:34:e1:ef:d4,-65,307,285,6054539868,true
11-2,2024-12-27 15:55:59.234,MCSLab RTT AP3,e4:5e:1b:a0:5e:85,-62,6748,637,6054539868,true
11-2,2024-12-27 15:55:59.234,MCSLab RTT AP2,24:29:34:e1:ef:d4,-65,307,285,6054539868,true
11-2,2024-12-27 15:55:59.234,MCSLab RTT AP3,e4:5e:1b:a0:5e:85,-62,6748,637,6054539868,true
11-2,2024-12-27 15:55:59.234,MCSLab RTT AP1,24:29:34:e2:4c:36,-68,5327,562,6054539868,true
11-2,2024-12-27 15:55:59.234,MCSLab RTT AP2,24:29:34:e1:ef:d4,-65,307,285,6054539868,true
11-2,2024-12-27 15:55:59.234,MCSLab RTT AP3,e4:5e:1b:a0:5e:85,-62,6748,637,6054539868,true
11-2,2024-12-27 15:55:59.234,MCSLab RTT AP1,24:29:34:e2:4c:36,-68,5327,562,6054539868,true
11-2,2024-12-27 15:55:59.234,MCSLab RTT AP3,b0:e4:d5:88:16:86,-63,2625,1273,6054539868,true
11-2,2024-12-27 15:55:59.378,MCSLab RTT AP2,24:29:34:e1:ef:d4,-65,307,328,6054540010,true
11-2,2024-12-27 15:55:59.378,MCSLab RTT AP2,24:29:34:e1:ef:d4,-65,307,328,6054540010,true
11-2,2024-12-27 15:55:59.378,MCSLab RTT AP3,e4:5e:1b:a0:5e:85,-62,6768,565,6054540010,true
11-2,2024-12-27 15:55:59.378,MCSLab RTT AP2,24:29:34:e1:ef:d4,-65,307,328,6054540010,true
11-2,2024-12-27 15:55:59.378,MCSLab RTT AP3,e4:5e:1b:a0:5e:85,-62,6768,565,6054540010,true
11-2,2024-12-27 15:55:59.378,MCSLab RTT AP1,24:29:34:e2:4c:36,-62,5361,421,6054540010,true
11-2,2024-12-27 15:55:59.378,MCSLab RTT AP2,24:29:34:e1:ef:d4,-65,307,328,6054540010,true
11-2,2024-12-27 15:55:59.378,MCSLab RTT AP3,e4:5e:1b:a0:5e:85,-62,6768,565,6054540010,true
11-2,2024-12-27 15:55:59.378,MCSLab RTT AP1,24:29:34:e2:4c:36,-62,5361,421,6054540010,true
11-2,2024-12-27 15:55:59.378,MCSLab RTT AP3,b0:e4:d5:88:16:86,-56,1776,1726,6054540010,true
11-2,2024-12-27 15:55:59.518,MCSLab RTT AP2,24:29:34:e1:ef:d4,-65,278,261,6054540150,true
11-2,2024-12-27 15:55:59.518,MCSLab RTT AP2,24:29:34:e1:ef:d4,-65,278,261,6054540150,true
11-2,2024-12-27 15:55:59.518,MCSLab RTT AP3,e4:5e:1b:a0:5e:85,-62,6777,555,6054540150,true
11-2,2024-12-27 15:55:59.518,MCSLab RTT AP2,24:29:34:e1:ef:d4,-65,278,261,6054540150,true
11-2,2024-12-27 15:55:59.518,MCSLab RTT AP3,e4:5e:1b:a0:5e:85,-62,6777,555,6054540150,true
11-2,2024-12-27 15:55:59.518,MCSLab RTT AP1,24:29:34:e2:4c:36,-68,5171,546,6054540150,true
11-2,2024-12-27 15:55:59.518,MCSLab RTT AP2,24:29:34:e1:ef:d4,-65,278,261,6054540150,true
11-2,2024-12-27 15:55:59.518,MCSLab RTT AP3,e4:5e:1b:a0:5e:85,-62,6777,555,6054540150,true
11-2,2024-12-27 15:55:59.518,MCSLab RTT AP1,24:29:34:e2:4c:36,-68,5171,546,6054540150,true
11-2,2024-12-27 15:55:59.518,MCSLab RTT AP3,b0:e4:d5:88:16:86,-63,2469,1167,6054540150,true
11-2,2024-12-27 15:55:59.663,MCSLab RTT AP2,24:29:34:e1:ef:d4,-65,366,181,6054540295,true
11-2,2024-12-27 15:55:59.663,MCSLab RTT AP2,24:29:34:e1:ef:d4,-65,366,181,6054540295,true
11-2,2024-12-27 15:55:59.663,MCSLab RTT AP3,e4:5e:1b:a0:5e:85,-62,6807,549,6054540295,true
11-2,2024-12-27 15:55:59.663,MCSLab RTT AP2,24:29:34:e1:ef:d4,-65,366,181,6054540295,true
11-2,2024-12-27 15:55:59.663,MCSLab RTT AP3,e4:5e:1b:a0:5e:85,-62,6807,549,6054540295,true
11-2,2024-12-27 15:55:59.663,MCSLab RTT AP1,24:29:34:e2:4c:36,-69,5171,541,6054540295,true
11-2,2024-12-27 15:55:59.663,MCSLab RTT AP2,24:29:34:e1:ef:d4,-65,366,181,6054540295,true
11-2,2024-12-27 15:55:59.663,MCSLab RTT AP3,e4:5e:1b:a0:5e:85,-62,6807,549,6054540295,true
11-2,2024-12-27 15:55:59.663,MCSLab RTT AP1,24:29:34:e2:4c:36,-69,5171,541,6054540295,true
11-2,2024-12-27 15:55:59.663,MCSLab RTT AP3,b0:e4:d5:88:16:86,-63,2703,1153,6054540295,true
11-2,2024-12-27 15:55:59.810,MCSLab RTT AP2,24:29:34:e1:ef:d4,-65,307,348,6054540443,true
11-2,2024-12-27 15:55:59.810,MCSLab RTT AP2,24:29:34:e1:ef:d4,-65,307,348,6054540443,true
11-2,2024-12-27 15:55:59.810,MCSLab RTT AP3,e4:5e:1b:a0:5e:85,-62,6836,559,6054540442,true
11-2,2024-12-27 15:55:59.810,MCSLab RTT AP2,24:29:34:e1:ef:d4,-65,307,348,6054540443,true
11-2,2024-12-27 15:55:59.810,MCSLab RTT AP3,e4:5e:1b:a0:5e:85,-62,6836,559,6054540442,true
11-2,2024-12-27 15:55:59.810,MCSLab RTT AP1,24:29:34:e2:4c:36,-68,5444,337,6054540442,true
11-2,2024-12-27 15:55:59.810,MCSLab RTT AP2,24:29:34:e1:ef:d4,-65,307,348,6054540443,true
11-2,2024-12-27 15:55:59.810,MCSLab RTT AP3,e4:5e:1b:a0:5e:85,-62,6836,559,6054540442,true
11-2,2024-12-27 15:55:59.810,MCSLab RTT AP1,24:29:34:e2:4c:36,-68,5444,337,6054540442,true
11-2,2024-12-27 15:55:59.810,MCSLab RTT AP3,b0:e4:d5:88:16:86,-63,2586,1171,6054540442,true
11-2,2024-12-27 15:55:59.956,MCSLab RTT AP2,24:29:34:e1:ef:d4,-65,278,237,6054540588,true
11-2,2024-12-27 15:55:59.956,MCSLab RTT AP2,24:29:34:e1:ef:d4,-65,278,237,6054540588,true
11-2,2024-12-27 15:55:59.956,MCSLab RTT AP3,e4:5e:1b:a0:5e:85,-62,6836,567,6054540588,true
11-2,2024-12-27 15:55:59.956,MCSLab RTT AP2,24:29:34:e1:ef:d4,-65,278,237,6054540588,true
11-2,2024-12-27 15:55:59.956,MCSLab RTT AP3,e4:5e:1b:a0:5e:85,-62,6836,567,6054540588,true
11-2,2024-12-27 15:55:59.956,MCSLab RTT AP1,24:29:34:e2:4c:36,-68,5327,495,6054540588,true
11-2,2024-12-27 15:55:59.956,MCSLab RTT AP2,24:29:34:e1:ef:d4,-65,278,237,6054540588,true
11-2,2024-12-27 15:55:59.956,MCSLab RTT AP3,e4:5e:1b:a0:5e:85,-62,6836,567,6054540588,true
11-2,2024-12-27 15:55:59.956,MCSLab RTT AP1,24:29:34:e2:4c:36,-68,5327,495,6054540588,true
11-2,2024-12-27 15:55:59.956,MCSLab RTT AP3,b0:e4:d5:88:16:86,-58,3144,1063,6054540588,true
11-2,2024-12-27 15:56:00.096,MCSLab RTT AP2,24:29:34:e1:ef:d4,-65,190,256,6054540727,true
11-2,2024-12-27 15:56:00.096,MCSLab RTT AP2,24:29:34:e1:ef:d4,-65,190,256,6054540727,true
11-2,2024-12-27 15:56:00.096,MCSLab RTT AP3,e4:5e:1b:a0:5e:85,-62,6924,459,6054540727,true
11-2,2024-12-27 15:56:00.096,MCSLab RTT AP2,24:29:34:e1:ef:d4,-65,190,256,6054540727,true
11-2,2024-12-27 15:56:00.096,MCSLab RTT AP3,e4:5e:1b:a0:5e:85,-62,6924,459,6054540727,true
11-2,2024-12-27 15:56:00.096,MCSLab RTT AP1,24:29:34:e2:4c:36,-68,5366,467,6054540727,true
11-2,2024-12-27 15:56:00.096,MCSLab RTT AP2,24:29:34:e1:ef:d4,-65,190,256,6054540727,true
11-2,2024-12-27 15:56:00.096,MCSLab RTT AP3,e4:5e:1b:a0:5e:85,-62,6924,459,6054540727,true
11-2,2024-12-27 15:56:00.096,MCSLab RTT AP1,24:29:34:e2:4c:36,-68,5366,467,6054540727,true
11-2,2024-12-27 15:56:00.096,MCSLab RTT AP3,b0:e4:d5:88:16:86,-63,2547,1200,6054540727,true
11-2,2024-12-27 15:56:00.236,MCSLab RTT AP2,24:29:34:e1:ef:d4,-65,366,290,6054540869,true
11-2,2024-12-27 15:56:00.236,MCSLab RTT AP2,24:29:34:e1:ef:d4,-65,366,290,6054540869,true
11-2,2024-12-27 15:56:00.236,MCSLab RTT AP3,e4:5e:1b:a0:5e:85,-62,6719,524,6054540869,true
11-2,2024-12-27 15:56:00.236,MCSLab RTT AP2,24:29:34:e1:ef:d4,-65,366,290,6054540869,true
11-2,2024-12-27 15:56:00.236,MCSLab RTT AP3,e4:5e:1b:a0:5e:85,-62,6719,524,6054540869,true
11-2,2024-12-27 15:56:00.236,MCSLab RTT AP1,24:29:34:e2:4c:36,-68,5561,363,6054540869,true
11-2,2024-12-27 15:56:00.236,MCSLab RTT AP2,24:29:34:e1:ef:d4,-65,366,290,6054540869,true
11-2,2024-12-27 15:56:00.236,MCSLab RTT AP3,e4:5e:1b:a0:5e:85,-62,6719,524,6054540869,true
11-2,2024-12-27 15:56:00.236,MCSLab RTT AP1,24:29:34:e2:4c:36,-68,5561,363,6054540869,true
11-2,2024-12-27 15:56:00.236,MCSLab RTT AP3,b0:e4:d5:88:16:86,-63,2703,1142,6054540868,true
11-2,2024-12-27 15:56:00.380,MCSLab RTT AP2,24:29:34:e1:ef:d4,-65,395,214,6054541014,true
11-2,2024-12-27 15:56:00.380,MCSLab RTT AP2,24:29:34:e1:ef:d4,-65,395,214,6054541014,true
11-2,2024-12-27 15:56:00.380,MCSLab RTT AP3,e4:5e:1b:a0:5e:85,-62,6836,510,6054541013,true
11-2,2024-12-27 15:56:00.380,MCSLab RTT AP2,24:29:34:e1:ef:d4,-65,395,214,6054541014,true
11-2,2024-12-27 15:56:00.380,MCSLab RTT AP3,e4:5e:1b:a0:5e:85,-62,6836,510,6054541013,true
11-2,2024-12-27 15:56:00.380,MCSLab RTT AP1,24:29:34:e2:4c:36,-69,5444,438,6054541014,true
11-2,2024-12-27 15:56:00.380,MCSLab RTT AP2,24:29:34:e1:ef:d4,-65,395,214,6054541014,true
11-2,2024-12-27 15:56:00.380,MCSLab RTT AP3,e4:5e:1b:a0:5e:85,-62,6836,510,6054541013,true
11-2,2024-12-27 15:56:00.380,MCSLab RTT AP1,24:29:34:e2:4c:36,-69,5444,438,6054541014,true
11-2,2024-12-27 15:56:00.380,MCSLab RTT AP3,b0:e4:d5:88:16:86,-59,1776,1753,6054541013,true
11-2,2024-12-27 15:56:00.524,MCSLab RTT AP2,24:29:34:e1:ef:d4,-65,454,303,6054541157,true
11-2,2024-12-27 15:56:00.524,MCSLab RTT AP2,24:29:34:e1:ef:d4,-65,454,303,6054541157,true
11-2,2024-12-27 15:56:00.524,MCSLab RTT AP3,e4:5e:1b:a0:5e:85,-62,6660,654,6054541157,true
11-2,2024-12-27 15:56:00.524,MCSLab RTT AP2,24:29:34:e1:ef:d4,-65,454,303,6054541157,true
11-2,2024-12-27 15:56:00.524,MCSLab RTT AP3,e4:5e:1b:a0:5e:85,-62,6660,654,6054541157,true
11-2,2024-12-27 15:56:00.524,MCSLab RTT AP1,24:29:34:e2:4c:36,-68,5210,451,6054541157,true
11-2,2024-12-27 15:56:00.524,MCSLab RTT AP2,24:29:34:e1:ef:d4,-65,454,303,6054541157,true
11-2,2024-12-27 15:56:00.524,MCSLab RTT AP3,e4:5e:1b:a0:5e:85,-62,6660,654,6054541157,true
11-2,2024-12-27 15:56:00.524,MCSLab RTT AP1,24:29:34:e2:4c:36,-68,5210,451,6054541157,true
11-2,2024-12-27 15:56:00.524,MCSLab RTT AP3,b0:e4:d5:88:16:86,-63,2469,1151,6054541157,true
11-2,2024-12-27 15:56:00.659,MCSLab RTT AP2,24:29:34:e1:ef:d4,-65,249,273,6054541291,true
11-2,2024-12-27 15:56:00.659,MCSLab RTT AP2,24:29:34:e1:ef:d4,-65,249,273,6054541291,true
11-2,2024-12-27 15:56:00.659,MCSLab RTT AP3,e4:5e:1b:a0:5e:85,-61,6552,703,6054541291,true
11-2,2024-12-27 15:56:00.659,MCSLab RTT AP2,24:29:34:e1:ef:d4,-65,249,273,6054541291,true
11-2,2024-12-27 15:56:00.659,MCSLab RTT AP3,e4:5e:1b:a0:5e:85,-61,6552,703,6054541291,true
11-2,2024-12-27 15:56:00.659,MCSLab RTT AP1,24:29:34:e2:4c:36,-69,5171,594,6054541291,true
11-2,2024-12-27 15:56:00.659,MCSLab RTT AP2,24:29:34:e1:ef:d4,-65,249,273,6054541291,true
11-2,2024-12-27 15:56:00.659,MCSLab RTT AP3,e4:5e:1b:a0:5e:85,-61,6552,703,6054541291,true
11-2,2024-12-27 15:56:00.659,MCSLab RTT AP1,24:29:34:e2:4c:36,-69,5171,594,6054541291,true
11-2,2024-12-27 15:56:00.659,MCSLab RTT AP3,b0:e4:d5:88:16:86,-61,2664,1300,6054541291,true
11-2,2024-12-27 15:56:00.802,MCSLab RTT AP2,24:29:34:e1:ef:d4,-65,307,339,6054541435,true
11-2,2024-12-27 15:56:00.802,MCSLab RTT AP2,24:29:34:e1:ef:d4,-65,307,339,6054541435,true
11-2,2024-12-27 15:56:00.802,MCSLab RTT AP3,e4:5e:1b:a0:5e:85,-61,6719,525,6054541434,true
11-2,2024-12-27 15:56:00.802,MCSLab RTT AP2,24:29:34:e1:ef:d4,-65,307,339,6054541435,true
11-2,2024-12-27 15:56:00.802,MCSLab RTT AP3,e4:5e:1b:a0:5e:85,-61,6719,525,6054541434,true
11-2,2024-12-27 15:56:00.802,MCSLab RTT AP1,24:29:34:e2:4c:36,-68,5444,463,6054541434,true
11-2,2024-12-27 15:56:00.802,MCSLab RTT AP2,24:29:34:e1:ef:d4,-65,307,339,6054541435,true
11-2,2024-12-27 15:56:00.802,MCSLab RTT AP3,e4:5e:1b:a0:5e:85,-61,6719,525,6054541434,true
11-2,2024-12-27 15:56:00.802,MCSLab RTT AP1,24:29:34:e2:4c:36,-68,5444,463,6054541434,true
11-2,2024-12-27 15:56:00.802,MCSLab RTT AP3,b0:e4:d5:88:16:86,-63,2430,1217,6054541434,true
11-2,2024-12-27 15:56:00.949,MCSLab RTT AP2,24:29:34:e1:ef:d4,-65,366,348,6054541580,true
11-2,2024-12-27 15:56:00.949,MCSLab RTT AP2,24:29:34:e1:ef:d4,-65,366,348,6054541580,true
11-2,2024-12-27 15:56:00.949,MCSLab RTT AP3,e4:5e:1b:a0:5e:85,-62,6777,474,6054541580,true
11-2,2024-12-27 15:56:00.949,MCSLab RTT AP2,24:29:34:e1:ef:d4,-65,366,348,6054541580,true
11-2,2024-12-27 15:56:00.949,MCSLab RTT AP3,e4:5e:1b:a0:5e:85,-62,6777,474,6054541580,true
11-2,2024-12-27 15:56:00.949,MCSLab RTT AP1,24:29:34:e2:4c:36,-68,5249,519,6054541580,true
11-2,2024-12-27 15:56:00.949,MCSLab RTT AP2,24:29:34:e1:ef:d4,-65,366,348,6054541580,true
11-2,2024-12-27 15:56:00.949,MCSLab RTT AP3,e4:5e:1b:a0:5e:85,-62,6777,474,6054541580,true
11-2,2024-12-27 15:56:00.949,MCSLab RTT AP1,24:29:34:e2:4c:36,-68,5249,519,6054541580,true
11-2,2024-12-27 15:56:00.949,MCSLab RTT AP3,b0:e4:d5:88:16:86,-63,2586,1167,6054541580,true
11-2,2024-12-27 15:56:01.103,MCSLab RTT AP2,24:29:34:e1:ef:d4,-65,366,276,6054541731,true
11-2,2024-12-27 15:56:01.103,MCSLab RTT AP2,24:29:34:e1:ef:d4,-65,366,276,6054541731,true
11-2,2024-12-27 15:56:01.103,MCSLab RTT AP3,e4:5e:1b:a0:5e:85,-62,6895,548,6054541731,true
11-2,2024-12-27 15:56:01.103,MCSLab RTT AP2,24:29:34:e1:ef:d4,-65,366,276,6054541731,true
11-2,2024-12-27 15:56:01.103,MCSLab RTT AP3,e4:5e:1b:a0:5e:85,-62,6895,548,6054541731,true
11-2,2024-12-27 15:56:01.103,MCSLab RTT AP1,24:29:34:e2:4c:36,-68,5444,420,6054541731,true
11-2,2024-12-27 15:56:01.103,MCSLab RTT AP2,24:29:34:e1:ef:d4,-65,366,276,6054541731,true
11-2,2024-12-27 15:56:01.103,MCSLab RTT AP3,e4:5e:1b:a0:5e:85,-62,6895,548,6054541731,true
11-2,2024-12-27 15:56:01.103,MCSLab RTT AP1,24:29:34:e2:4c:36,-68,5444,420,6054541731,true
11-2,2024-12-27 15:56:01.103,MCSLab RTT AP3,b0:e4:d5:88:16:86,-63,2469,1283,6054541731,true
11-2,2024-12-27 15:56:01.244,MCSLab RTT AP2,24:29:34:e1:ef:d4,-65,513,196,6054541876,true
11-2,2024-12-27 15:56:01.244,MCSLab RTT AP2,24:29:34:e1:ef:d4,-65,513,196,6054541876,true
11-2,2024-12-27 15:56:01.244,MCSLab RTT AP3,e4:5e:1b:a0:5e:85,-62,6953,468,6054541876,true
11-2,2024-12-27 15:56:01.244,MCSLab RTT AP2,24:29:34:e1:ef:d4,-65,513,196,6054541876,true
11-2,2024-12-27 15:56:01.244,MCSLab RTT AP3,e4:5e:1b:a0:5e:85,-62,6953,468,6054541876,true
11-2,2024-12-27 15:56:01.244,MCSLab RTT AP1,24:29:34:e2:4c:36,-68,5483,418,6054541876,true
11-2,2024-12-27 15:56:01.244,MCSLab RTT AP2,24:29:34:e1:ef:d4,-65,513,196,6054541876,true
11-2,2024-12-27 15:56:01.244,MCSLab RTT AP3,e4:5e:1b:a0:5e:85,-62,6953,468,6054541876,true
11-2,2024-12-27 15:56:01.244,MCSLab RTT AP1,24:29:34:e2:4c:36,-68,5483,418,6054541876,true
11-2,2024-12-27 15:56:01.244,MCSLab RTT AP3,b0:e4:d5:88:16:86,-54,1044,2237,6054541876,true
11-2,2024-12-27 15:56:01.392,MCSLab RTT AP2,24:29:34:e1:ef:d4,-66,395,186,6054542023,true
11-2,2024-12-27 15:56:01.392,MCSLab RTT AP2,24:29:34:e1:ef:d4,-66,395,186,6054542023,true
11-2,2024-12-27 15:56:01.392,MCSLab RTT AP3,e4:5e:1b:a0:5e:85,-62,6807,551,6054542023,true
11-2,2024-12-27 15:56:01.392,MCSLab RTT AP2,24:29:34:e1:ef:d4,-66,395,186,6054542023,true
11-2,2024-12-27 15:56:01.392,MCSLab RTT AP3,e4:5e:1b:a0:5e:85,-62,6807,551,6054542023,true
11-2,2024-12-27 15:56:01.392,MCSLab RTT AP1,24:29:34:e2:4c:36,-69,5483,306,6054542023,true
11-2,2024-12-27 15:56:01.392,MCSLab RTT AP2,24:29:34:e1:ef:d4,-66,395,186,6054542023,true
11-2,2024-12-27 15:56:01.392,MCSLab RTT AP3,e4:5e:1b:a0:5e:85,-62,6807,551,6054542023,true
11-2,2024-12-27 15:56:01.392,MCSLab RTT AP1,24:29:34:e2:4c:36,-69,5483,306,6054542023,true
11-2,2024-12-27 15:56:01.392,MCSLab RTT AP3,b0:e4:d5:88:16:86,-58,2547,1208,6054542023,true
11-2,2024-12-27 15:56:01.536,MCSLab RTT AP2,24:29:34:e1:ef:d4,-65,571,240,6054542170,true
11-2,2024-12-27 15:56:01.536,MCSLab RTT AP2,24:29:34:e1:ef:d4,-65,571,240,6054542170,true
11-2,2024-12-27 15:56:01.536,MCSLab RTT AP3,e4:5e:1b:a0:5e:85,-62,6836,554,6054542170,true
11-2,2024-12-27 15:56:01.536,MCSLab RTT AP2,24:29:34:e1:ef:d4,-65,571,240,6054542170,true
11-2,2024-12-27 15:56:01.536,MCSLab RTT AP3,e4:5e:1b:a0:5e:85,-62,6836,554,6054542170,true
11-2,2024-12-27 15:56:01.536,MCSLab RTT AP1,24:29:34:e2:4c:36,-68,5171,599,6054542170,true
11-2,2024-12-27 15:56:01.536,MCSLab RTT AP2,24:29:34:e1:ef:d4,-65,571,240,6054542170,true
11-2,2024-12-27 15:56:01.536,MCSLab RTT AP3,e4:5e:1b:a0:5e:85,-62,6836,554,6054542170,true
11-2,2024-12-27 15:56:01.536,MCSLab RTT AP1,24:29:34:e2:4c:36,-68,5171,599,6054542170,true
11-2,2024-12-27 15:56:01.536,MCSLab RTT AP3,b0:e4:d5:88:16:86,-63,2430,1238,6054542170,true
11-2,2024-12-27 15:56:01.677,MCSLab RTT AP2,24:29:34:e1:ef:d4,-65,600,257,6054542310,true
11-2,2024-12-27 15:56:01.677,MCSLab RTT AP2,24:29:34:e1:ef:d4,-65,600,257,6054542310,true
11-2,2024-12-27 15:56:01.677,MCSLab RTT AP3,e4:5e:1b:a0:5e:85,-61,6777,462,6054542310,true
11-2,2024-12-27 15:56:01.677,MCSLab RTT AP2,24:29:34:e1:ef:d4,-65,600,257,6054542310,true
11-2,2024-12-27 15:56:01.677,MCSLab RTT AP3,e4:5e:1b:a0:5e:85,-61,6777,462,6054542310,true
11-2,2024-12-27 15:56:01.677,MCSLab RTT AP1,24:29:34:e2:4c:36,-68,5366,420,6054542310,true
11-2,2024-12-27 15:56:01.677,MCSLab RTT AP2,24:29:34:e1:ef:d4,-65,600,257,6054542310,true
11-2,2024-12-27 15:56:01.677,MCSLab RTT AP3,e4:5e:1b:a0:5e:85,-61,6777,462,6054542310,true
11-2,2024-12-27 15:56:01.677,MCSLab RTT AP1,24:29:34:e2:4c:36,-68,5366,420,6054542310,true
11-2,2024-12-27 15:56:01.677,MCSLab RTT AP3,b0:e4:d5:88:16:86,-63,2664,1143,6054542310,true
11-2,2024-12-27 15:56:01.819,MCSLab RTT AP2,24:29:34:e1:ef:d4,-65,630,150,6054542453,true
11-2,2024-12-27 15:56:01.819,MCSLab RTT AP2,24:29:34:e1:ef:d4,-65,630,150,6054542453,true
11-2,2024-12-27 15:56:01.819,MCSLab RTT AP3,e4:5e:1b:a0:5e:85,-62,6689,579,6054542453,true
11-2,2024-12-27 15:56:01.819,MCSLab RTT AP2,24:29:34:e1:ef:d4,-65,630,150,6054542453,true
11-2,2024-12-27 15:56:01.819,MCSLab RTT AP3,e4:5e:1b:a0:5e:85,-62,6689,579,6054542453,true
11-2,2024-12-27 15:56:01.819,MCSLab RTT AP1,24:29:34:e2:4c:36,-68,5483,362,6054542453,true
11-2,2024-12-27 15:56:01.819,MCSLab RTT AP2,24:29:34:e1:ef:d4,-65,630,150,6054542453,true
11-2,2024-12-27 15:56:01.819,MCSLab RTT AP3,e4:5e:1b:a0:5e:85,-62,6689,579,6054542453,true
11-2,2024-12-27 15:56:01.819,MCSLab RTT AP1,24:29:34:e2:4c:36,-68,5483,362,6054542453,true
11-2,2024-12-27 15:56:01.819,MCSLab RTT AP3,b0:e4:d5:88:16:86,-63,2625,1191,6054542453,true
11-2,2024-12-27 15:56:01.960,MCSLab RTT AP2,24:29:34:e1:ef:d4,-66,600,159,6054542594,true
11-2,2024-12-27 15:56:01.960,MCSLab RTT AP2,24:29:34:e1:ef:d4,-66,600,159,6054542594,true
11-2,2024-12-27 15:56:01.960,MCSLab RTT AP3,e4:5e:1b:a0:5e:85,-62,6807,529,6054542594,true
11-2,2024-12-27 15:56:01.960,MCSLab RTT AP2,24:29:34:e1:ef:d4,-66,600,159,6054542594,true
11-2,2024-12-27 15:56:01.960,MCSLab RTT AP3,e4:5e:1b:a0:5e:85,-62,6807,529,6054542594,true
11-2,2024-12-27 15:56:01.960,MCSLab RTT AP1,24:29:34:e2:4c:36,-69,5210,559,6054542594,true
11-2,2024-12-27 15:56:01.960,MCSLab RTT AP2,24:29:34:e1:ef:d4,-66,600,159,6054542594,true
11-2,2024-12-27 15:56:01.960,MCSLab RTT AP3,e4:5e:1b:a0:5e:85,-62,6807,529,6054542594,true
11-2,2024-12-27 15:56:01.960,MCSLab RTT AP1,24:29:34:e2:4c:36,-69,5210,559,6054542594,true
11-2,2024-12-27 15:56:01.960,MCSLab RTT AP3,b0:e4:d5:88:16:86,-63,2664,1171,6054542594,true
11-2,2024-12-27 15:56:02.103,MCSLab RTT AP2,24:29:34:e1:ef:d4,-65,688,106,6054542736,true
11-2,2024-12-27 15:56:02.103,MCSLab RTT AP2,24:29:34:e1:ef:d4,-65,688,106,6054542736,true
11-2,2024-12-27 15:56:02.103,MCSLab RTT AP3,e4:5e:1b:a0:5e:85,-62,6719,414,6054542736,true
11-2,2024-12-27 15:56:02.103,MCSLab RTT AP2,24:29:34:e1:ef:d4,-65,688,106,6054542736,true
11-2,2024-12-27 15:56:02.103,MCSLab RTT AP3,e4:5e:1b:a0:5e:85,-62,6719,414,6054542736,true
11-2,2024-12-27 15:56:02.103,MCSLab RTT AP1,24:29:34:e2:4c:36,-69,5483,400,6054542736,true
11-2,2024-12-27 15:56:02.103,MCSLab RTT AP2,24:29:34:e1:ef:d4,-65,688,106,6054542736,true
11-2,2024-12-27 15:56:02.103,MCSLab RTT AP3,e4:5e:1b:a0:5e:85,-62,6719,414,6054542736,true
11-2,2024-12-27 15:56:02.103,MCSLab RTT AP1,24:29:34:e2:4c:36,-69,5483,400,6054542736,true
11-2,2024-12-27 15:56:02.103,MCSLab RTT AP3,b0:e4:d5:88:16:86,-63,2625,1140,6054542736,true
11-2,2024-12-27 15:56:02.249,MCSLab RTT AP2,24:29:34:e1:ef:d4,-65,513,149,6054542881,true
11-2,2024-12-27 15:56:02.249,MCSLab RTT AP2,24:29:34:e1:ef:d4,-65,513,149,6054542881,true
11-2,2024-12-27 15:56:02.249,MCSLab RTT AP3,e4:5e:1b:a0:5e:85,-62,6748,569,6054542881,true
11-2,2024-12-27 15:56:02.249,MCSLab RTT AP2,24:29:34:e1:ef:d4,-65,513,149,6054542881,true
11-2,2024-12-27 15:56:02.249,MCSLab RTT AP3,e4:5e:1b:a0:5e:85,-62,6748,569,6054542881,true
11-2,2024-12-27 15:56:02.249,MCSLab RTT AP1,24:29:34:e2:4c:36,-63,5283,1010,6054542881,true
11-2,2024-12-27 15:56:02.249,MCSLab RTT AP2,24:29:34:e1:ef:d4,-65,513,149,6054542881,true
11-2,2024-12-27 15:56:02.249,MCSLab RTT AP3,e4:5e:1b:a0:5e:85,-62,6748,569,6054542881,true
11-2,2024-12-27 15:56:02.249,MCSLab RTT AP1,24:29:34:e2:4c:36,-63,5283,1010,6054542881,true
11-2,2024-12-27 15:56:02.249,MCSLab RTT AP3,b0:e4:d5:88:16:86,-63,2469,1198,6054542881,true
11-2,2024-12-27 15:56:02.395,MCSLab RTT AP2,24:29:34:e1:ef:d4,-65,571,138,6054543027,true
11-2,2024-12-27 15:56:02.395,MCSLab RTT AP2,24:29:34:e1:ef:d4,-65,571,138,6054543027,true
11-2,2024-12-27 15:56:02.395,MCSLab RTT AP3,e4:5e:1b:a0:5e:85,-62,6777,531,6054543027,true
11-2,2024-12-27 15:56:02.395,MCSLab RTT AP2,24:29:34:e1:ef:d4,-65,571,138,6054543027,true
11-2,2024-12-27 15:56:02.395,MCSLab RTT AP3,e4:5e:1b:a0:5e:85,-62,6777,531,6054543027,true
11-2,2024-12-27 15:56:02.395,MCSLab RTT AP1,24:29:34:e2:4c:36,-69,5288,438,6054543027,true
11-2,2024-12-27 15:56:02.395,MCSLab RTT AP2,24:29:34:e1:ef:d4,-65,571,138,6054543027,true
11-2,2024-12-27 15:56:02.395,MCSLab RTT AP3,e4:5e:1b:a0:5e:85,-62,6777,531,6054543027,true
11-2,2024-12-27 15:56:02.395,MCSLab RTT AP1,24:29:34:e2:4c:36,-69,5288,438,6054543027,true
11-2,2024-12-27 15:56:02.395,MCSLab RTT AP3,b0:e4:d5:88:16:86,-63,2391,1280,6054543027,true
11-2,2024-12-27 15:56:02.539,MCSLab RTT AP2,24:29:34:e1:ef:d4,-65,513,146,6054543173,true
11-2,2024-12-27 15:56:02.539,MCSLab RTT AP2,24:29:34:e1:ef:d4,-65,513,146,6054543173,true
11-2,2024-12-27 15:56:02.539,MCSLab RTT AP3,e4:5e:1b:a0:5e:85,-62,6660,608,6054543173,true
11-2,2024-12-27 15:56:02.539,MCSLab RTT AP2,24:29:34:e1:ef:d4,-65,513,146,6054543173,true
11-2,2024-12-27 15:56:02.539,MCSLab RTT AP3,e4:5e:1b:a0:5e:85,-62,6660,608,6054543173,true
11-2,2024-12-27 15:56:02.539,MCSLab RTT AP1,24:29:34:e2:4c:36,-69,5366,480,6054543173,true
11-2,2024-12-27 15:56:02.539,MCSLab RTT AP2,24:29:34:e1:ef:d4,-65,513,146,6054543173,true
11-2,2024-12-27 15:56:02.539,MCSLab RTT AP3,e4:5e:1b:a0:5e:85,-62,6660,608,6054543173,true
11-2,2024-12-27 15:56:02.539,MCSLab RTT AP1,24:29:34:e2:4c:36,-69,5366,480,6054543173,true
11-2,2024-12-27 15:56:02.539,MCSLab RTT AP3,b0:e4:d5:88:16:86,-58,2547,1361,6054543173,true
11-2,2024-12-27 15:56:02.680,MCSLab RTT AP2,24:29:34:e1:ef:d4,-65,395,223,6054543315,true
11-2,2024-12-27 15:56:02.680,MCSLab RTT AP2,24:29:34:e1:ef:d4,-65,395,223,6054543315,true
11-2,2024-12-27 15:56:02.680,MCSLab RTT AP3,e4:5e:1b:a0:5e:85,-60,6670,592,6054543315,true
11-2,2024-12-27 15:56:02.680,MCSLab RTT AP2,24:29:34:e1:ef:d4,-65,395,223,6054543315,true
11-2,2024-12-27 15:56:02.680,MCSLab RTT AP3,e4:5e:1b:a0:5e:85,-60,6670,592,6054543315,true
11-2,2024-12-27 15:56:02.680,MCSLab RTT AP1,24:29:34:e2:4c:36,-69,5522,428,6054543315,true
11-2,2024-12-27 15:56:02.680,MCSLab RTT AP2,24:29:34:e1:ef:d4,-65,395,223,6054543315,true
11-2,2024-12-27 15:56:02.680,MCSLab RTT AP3,e4:5e:1b:a0:5e:85,-60,6670,592,6054543315,true
11-2,2024-12-27 15:56:02.680,MCSLab RTT AP1,24:29:34:e2:4c:36,-69,5522,428,6054543315,true
11-2,2024-12-27 15:56:02.680,MCSLab RTT AP3,b0:e4:d5:88:16:86,-63,2430,1260,6054543315,true
11-2,2024-12-27 15:56:02.824,MCSLab RTT AP2,24:29:34:e1:ef:d4,-65,337,198,6054543457,true
11-2,2024-12-27 15:56:02.824,MCSLab RTT AP2,24:29:34:e1:ef:d4,-65,337,198,6054543457,true
11-2,2024-12-27 15:56:02.824,MCSLab RTT AP3,e4:5e:1b:a0:5e:85,-62,6748,539,6054543457,true
11-2,2024-12-27 15:56:02.824,MCSLab RTT AP2,24:29:34:e1:ef:d4,-65,337,198,6054543457,true
11-2,2024-12-27 15:56:02.824,MCSLab RTT AP3,e4:5e:1b:a0:5e:85,-62,6748,539,6054543457,true
11-2,2024-12-27 15:56:02.824,MCSLab RTT AP1,24:29:34:e2:4c:36,-69,5444,485,6054543457,true
11-2,2024-12-27 15:56:02.824,MCSLab RTT AP2,24:29:34:e1:ef:d4,-65,337,198,6054543457,true
11-2,2024-12-27 15:56:02.824,MCSLab RTT AP3,e4:5e:1b:a0:5e:85,-62,6748,539,6054543457,true
11-2,2024-12-27 15:56:02.824,MCSLab RTT AP1,24:29:34:e2:4c:36,-69,5444,485,6054543457,true
11-2,2024-12-27 15:56:02.824,MCSLab RTT AP3,b0:e4:d5:88:16:86,-63,2508,1161,6054543457,true
11-2,2024-12-27 15:56:02.964,MCSLab RTT AP2,24:29:34:e1:ef:d4,-65,278,242,6054543599,true
11-2,2024-12-27 15:56:02.964,MCSLab RTT AP2,24:29:34:e1:ef:d4,-65,278,242,6054543599,true
11-2,2024-12-27 15:56:02.964,MCSLab RTT AP3,e4:5e:1b:a0:5e:85,-62,6836,517,6054543598,true
11-2,2024-12-27 15:56:02.964,MCSLab RTT AP2,24:29:34:e1:ef:d4,-65,278,242,6054543599,true
11-2,2024-12-27 15:56:02.964,MCSLab RTT AP3,e4:5e:1b:a0:5e:85,-62,6836,517,6054543598,true
11-2,2024-12-27 15:56:02.964,MCSLab RTT AP1,24:29:34:e2:4c:36,-69,5405,492,6054543599,true
11-2,2024-12-27 15:56:02.964,MCSLab RTT AP2,24:29:34:e1:ef:d4,-65,278,242,6054543599,true
11-2,2024-12-27 15:56:02.964,MCSLab RTT AP3,e4:5e:1b:a0:5e:85,-62,6836,517,6054543598,true
11-2,2024-12-27 15:56:02.964,MCSLab RTT AP1,24:29:34:e2:4c:36,-69,5405,492,6054543599,true
11-2,2024-12-27 15:56:02.964,MCSLab RTT AP3,b0:e4:d5:88:16:86,-63,2586,1156,6054543598,true
11-2,2024-12-27 15:56:03.098,MCSLab RTT AP2,24:29:34:e1:ef:d4,-65,219,249,6054543736,true
11-2,2024-12-27 15:56:03.098,MCSLab RTT AP2,24:29:34:e1:ef:d4,-65,219,249,6054543736,true
11-2,2024-12-27 15:56:03.098,MCSLab RTT AP3,e4:5e:1b:a0:5e:85,-62,6660,666,6054543736,true
11-2,2024-12-27 15:56:03.098,MCSLab RTT AP2,24:29:34:e1:ef:d4,-65,219,249,6054543736,true
11-2,2024-12-27 15:56:03.098,MCSLab RTT AP3,e4:5e:1b:a0:5e:85,-62,6660,666,6054543736,true
11-2,2024-12-27 15:56:03.098,MCSLab RTT AP1,24:29:34:e2:4c:36,-69,5444,399,6054543736,true
11-2,2024-12-27 15:56:03.098,MCSLab RTT AP2,24:29:34:e1:ef:d4,-65,219,249,6054543736,true
11-2,2024-12-27 15:56:03.098,MCSLab RTT AP3,e4:5e:1b:a0:5e:85,-62,6660,666,6054543736,true
11-2,2024-12-27 15:56:03.098,MCSLab RTT AP1,24:29:34:e2:4c:36,-69,5444,399,6054543736,true
11-2,2024-12-27 15:56:03.098,MCSLab RTT AP3,b0:e4:d5:88:16:86,-63,2586,1156,6054543736,true
11-2,2024-12-27 15:56:03.233,MCSLab RTT AP2,24:29:34:e1:ef:d4,-65,307,229,6054543867,true
11-2,2024-12-27 15:56:03.233,MCSLab RTT AP2,24:29:34:e1:ef:d4,-65,307,229,6054543867,true
11-2,2024-12-27 15:56:03.233,MCSLab RTT AP3,e4:5e:1b:a0:5e:85,-62,6777,531,6054543866,true
11-2,2024-12-27 15:56:03.233,MCSLab RTT AP2,24:29:34:e1:ef:d4,-65,307,229,6054543867,true
11-2,2024-12-27 15:56:03.233,MCSLab RTT AP3,e4:5e:1b:a0:5e:85,-62,6777,531,6054543866,true
11-2,2024-12-27 15:56:03.233,MCSLab RTT AP1,24:29:34:e2:4c:36,-69,5288,553,6054543867,true
11-2,2024-12-27 15:56:03.233,MCSLab RTT AP2,24:29:34:e1:ef:d4,-65,307,229,6054543867,true
11-2,2024-12-27 15:56:03.233,MCSLab RTT AP3,e4:5e:1b:a0:5e:85,-62,6777,531,6054543866,true
11-2,2024-12-27 15:56:03.233,MCSLab RTT AP1,24:29:34:e2:4c:36,-69,5288,553,6054543867,true
11-2,2024-12-27 15:56:03.233,MCSLab RTT AP3,b0:e4:d5:88:16:86,-61,2199,1319,6054543866,true
11-2,2024-12-27 15:56:03.365,MCSLab RTT AP2,24:29:34:e1:ef:d4,-65,249,232,6054543999,true
11-2,2024-12-27 15:56:03.365,MCSLab RTT AP2,24:29:34:e1:ef:d4,-65,249,232,6054543999,true
11-2,2024-12-27 15:56:03.365,MCSLab RTT AP3,e4:5e:1b:a0:5e:85,-62,6836,521,6054543999,true
11-2,2024-12-27 15:56:03.365,MCSLab RTT AP2,24:29:34:e1:ef:d4,-65,249,232,6054543999,true
11-2,2024-12-27 15:56:03.365,MCSLab RTT AP3,e4:5e:1b:a0:5e:85,-62,6836,521,6054543999,true
11-2,2024-12-27 15:56:03.365,MCSLab RTT AP1,24:29:34:e2:4c:36,-63,5405,961,6054543999,true
11-2,2024-12-27 15:56:03.365,MCSLab RTT AP2,24:29:34:e1:ef:d4,-65,249,232,6054543999,true
11-2,2024-12-27 15:56:03.365,MCSLab RTT AP3,e4:5e:1b:a0:5e:85,-62,6836,521,6054543999,true
11-2,2024-12-27 15:56:03.365,MCSLab RTT AP1,24:29:34:e2:4c:36,-63,5405,961,6054543999,true
11-2,2024-12-27 15:56:03.365,MCSLab RTT AP3,b0:e4:d5:88:16:86,-63,2586,1225,6054543999,true
11-2,2024-12-27 15:56:03.501,MCSLab RTT AP2,24:29:34:e1:ef:d4,-64,307,229,6054544135,true
11-2,2024-12-27 15:56:03.501,MCSLab RTT AP2,24:29:34:e1:ef:d4,-64,307,229,6054544135,true
11-2,2024-12-27 15:56:03.501,MCSLab RTT AP3,e4:5e:1b:a0:5e:85,-62,6660,666,6054544135,true
11-2,2024-12-27 15:56:03.501,MCSLab RTT AP2,24:29:34:e1:ef:d4,-64,307,229,6054544135,true
11-2,2024-12-27 15:56:03.501,MCSLab RTT AP3,e4:5e:1b:a0:5e:85,-62,6660,666,6054544135,true
11-2,2024-12-27 15:56:03.501,MCSLab RTT AP1,24:29:34:e2:4c:36,-69,5366,480,6054544135,true
11-2,2024-12-27 15:56:03.501,MCSLab RTT AP2,24:29:34:e1:ef:d4,-64,307,229,6054544135,true
11-2,2024-12-27 15:56:03.501,MCSLab RTT AP3,e4:5e:1b:a0:5e:85,-62,6660,666,6054544135,true
11-2,2024-12-27 15:56:03.501,MCSLab RTT AP1,24:29:34:e2:4c:36,-69,5366,480,6054544135,true
11-2,2024-12-27 15:56:03.501,MCSLab RTT AP3,b0:e4:d5:88:16:86,-63,2586,1167,6054544135,true
11-2,2024-12-27 15:56:03.625,MCSLab RTT AP2,24:29:34:e1:ef:d4,-64,307,263,6054544265,true
11-2,2024-12-27 15:56:03.625,MCSLab RTT AP2,24:29:34:e1:ef:d4,-64,307,263,6054544265,true
11-2,2024-12-27 15:56:03.625,MCSLab RTT AP3,e4:5e:1b:a0:5e:85,-62,6689,650,6054544265,true
11-2,2024-12-27 15:56:03.625,MCSLab RTT AP2,24:29:34:e1:ef:d4,-64,307,263,6054544265,true
11-2,2024-12-27 15:56:03.625,MCSLab RTT AP3,e4:5e:1b:a0:5e:85,-62,6689,650,6054544265,true
11-2,2024-12-27 15:56:03.625,MCSLab RTT AP1,24:29:34:e2:4c:36,-69,5483,459,6054544265,true
11-2,2024-12-27 15:56:03.625,MCSLab RTT AP2,24:29:34:e1:ef:d4,-64,307,263,6054544265,true
11-2,2024-12-27 15:56:03.625,MCSLab RTT AP3,e4:5e:1b:a0:5e:85,-62,6689,650,6054544265,true
11-2,2024-12-27 15:56:03.625,MCSLab RTT AP1,24:29:34:e2:4c:36,-69,5483,459,6054544265,true
11-2,2024-12-27 15:56:03.625,MCSLab RTT AP3,b0:e4:d5:88:16:86,-61,2625,1149,6054544265,true
11-2,2024-12-27 15:56:03.770,MCSLab RTT AP2,24:29:34:e1:ef:d4,-65,278,306,6054544402,true
11-2,2024-12-27 15:56:03.770,MCSLab RTT AP2,24:29:34:e1:ef:d4,-65,278,306,6054544402,true
11-2,2024-12-27 15:56:03.770,MCSLab RTT AP3,e4:5e:1b:a0:5e:85,-62,6807,597,6054544402,true
11-2,2024-12-27 15:56:03.770,MCSLab RTT AP2,24:29:34:e1:ef:d4,-65,278,306,6054544402,true
11-2,2024-12-27 15:56:03.770,MCSLab RTT AP3,e4:5e:1b:a0:5e:85,-62,6807,597,6054544402,true
11-2,2024-12-27 15:56:03.770,MCSLab RTT AP1,24:29:34:e2:4c:36,-69,5444,480,6054544402,true
11-2,2024-12-27 15:56:03.770,MCSLab RTT AP2,24:29:34:e1:ef:d4,-65,278,306,6054544402,true
11-2,2024-12-27 15:56:03.770,MCSLab RTT AP3,e4:5e:1b:a0:5e:85,-62,6807,597,6054544402,true
11-2,2024-12-27 15:56:03.770,MCSLab RTT AP1,24:29:34:e2:4c:36,-69,5444,480,6054544402,true
11-2,2024-12-27 15:56:03.770,MCSLab RTT AP3,b0:e4:d5:88:16:86,-63,2469,1167,6054544401,true
11-2,2024-12-27 15:56:03.914,MCSLab RTT AP2,24:29:34:e1:ef:d4,-64,220,345,6054544547,true
11-2,2024-12-27 15:56:03.914,MCSLab RTT AP2,24:29:34:e1:ef:d4,-64,220,345,6054544547,true
11-2,2024-12-27 15:56:03.914,MCSLab RTT AP3,e4:5e:1b:a0:5e:85,-62,6807,500,6054544547,true
11-2,2024-12-27 15:56:03.914,MCSLab RTT AP2,24:29:34:e1:ef:d4,-64,220,345,6054544547,true
11-2,2024-12-27 15:56:03.914,MCSLab RTT AP3,e4:5e:1b:a0:5e:85,-62,6807,500,6054544547,true
11-2,2024-12-27 15:56:03.914,MCSLab RTT AP1,24:29:34:e2:4c:36,-68,5327,477,6054544547,true
11-2,2024-12-27 15:56:03.914,MCSLab RTT AP2,24:29:34:e1:ef:d4,-64,220,345,6054544547,true
11-2,2024-12-27 15:56:03.914,MCSLab RTT AP3,e4:5e:1b:a0:5e:85,-62,6807,500,6054544547,true
11-2,2024-12-27 15:56:03.914,MCSLab RTT AP1,24:29:34:e2:4c:36,-68,5327,477,6054544547,true
11-2,2024-12-27 15:56:03.914,MCSLab RTT AP3,b0:e4:d5:88:16:86,-63,2547,1146,6054544547,true
11-2,2024-12-27 15:56:04.064,MCSLab RTT AP2,24:29:34:e1:ef:d4,-64,190,442,6054544696,true
11-2,2024-12-27 15:56:04.064,MCSLab RTT AP2,24:29:34:e1:ef:d4,-64,190,442,6054544696,true
11-2,2024-12-27 15:56:04.064,MCSLab RTT AP3,e4:5e:1b:a0:5e:85,-62,6719,637,6054544696,true
11-2,2024-12-27 15:56:04.064,MCSLab RTT AP2,24:29:34:e1:ef:d4,-64,190,442,6054544696,true
11-2,2024-12-27 15:56:04.064,MCSLab RTT AP3,e4:5e:1b:a0:5e:85,-62,6719,637,6054544696,true
11-2,2024-12-27 15:56:04.064,MCSLab RTT AP1,24:29:34:e2:4c:36,-69,5366,444,6054544696,true
11-2,2024-12-27 15:56:04.064,MCSLab RTT AP2,24:29:34:e1:ef:d4,-64,190,442,6054544696,true
11-2,2024-12-27 15:56:04.064,MCSLab RTT AP3,e4:5e:1b:a0:5e:85,-62,6719,637,6054544696,true
11-2,2024-12-27 15:56:04.064,MCSLab RTT AP1,24:29:34:e2:4c:36,-69,5366,444,6054544696,true
11-2,2024-12-27 15:56:04.064,MCSLab RTT AP3,b0:e4:d5:88:16:86,-61,2355,1353,6054544696,true
11-2,2024-12-27 15:56:04.204,MCSLab RTT AP2,24:29:34:e1:ef:d4,-64,161,372,6054544839,true
11-2,2024-12-27 15:56:04.204,MCSLab RTT AP2,24:29:34:e1:ef:d4,-64,161,372,6054544839,true
11-2,2024-12-27 15:56:04.204,MCSLab RTT AP3,e4:5e:1b:a0:5e:85,-62,6719,663,6054544839,true
11-2,2024-12-27 15:56:04.204,MCSLab RTT AP2,24:29:34:e1:ef:d4,-64,161,372,6054544839,true
11-2,2024-12-27 15:56:04.204,MCSLab RTT AP3,e4:5e:1b:a0:5e:85,-62,6719,663,6054544839,true
11-2,2024-12-27 15:56:04.204,MCSLab RTT AP1,24:29:34:e2:4c:36,-68,5210,542,6054544839,true
11-2,2024-12-27 15:56:04.204,MCSLab RTT AP2,24:29:34:e1:ef:d4,-64,161,372,6054544839,true
11-2,2024-12-27 15:56:04.204,MCSLab RTT AP3,e4:5e:1b:a0:5e:85,-62,6719,663,6054544839,true
11-2,2024-12-27 15:56:04.204,MCSLab RTT AP1,24:29:34:e2:4c:36,-68,5210,542,6054544839,true
11-2,2024-12-27 15:56:04.204,MCSLab RTT AP3,b0:e4:d5:88:16:86,-63,2391,1264,6054544839,true
11-2,2024-12-27 15:56:04.351,MCSLab RTT AP2,24:29:34:e1:ef:d4,-64,219,303,6054544984,true
11-2,2024-12-27 15:56:04.351,MCSLab RTT AP2,24:29:34:e1:ef:d4,-64,219,303,6054544984,true
11-2,2024-12-27 15:56:04.351,MCSLab RTT AP3,e4:5e:1b:a0:5e:85,-61,6719,604,6054544983,true
11-2,2024-12-27 15:56:04.351,MCSLab RTT AP2,24:29:34:e1:ef:d4,-64,219,303,6054544984,true
11-2,2024-12-27 15:56:04.351,MCSLab RTT AP3,e4:5e:1b:a0:5e:85,-61,6719,604,6054544983,true
11-2,2024-12-27 15:56:04.351,MCSLab RTT AP1,24:29:34:e2:4c:36,-69,5444,367,6054544984,true
11-2,2024-12-27 15:56:04.351,MCSLab RTT AP2,24:29:34:e1:ef:d4,-64,219,303,6054544984,true
11-2,2024-12-27 15:56:04.351,MCSLab RTT AP3,e4:5e:1b:a0:5e:85,-61,6719,604,6054544983,true
11-2,2024-12-27 15:56:04.351,MCSLab RTT AP1,24:29:34:e2:4c:36,-69,5444,367,6054544984,true
11-2,2024-12-27 15:56:04.351,MCSLab RTT AP3,b0:e4:d5:88:16:86,-61,2082,1461,6054544983,true
11-2,2024-12-27 15:56:04.486,MCSLab RTT AP2,24:29:34:e1:ef:d4,-64,249,303,6054545118,true
11-2,2024-12-27 15:56:04.486,MCSLab RTT AP2,24:29:34:e1:ef:d4,-64,249,303,6054545118,true
11-2,2024-12-27 15:56:04.486,MCSLab RTT AP3,e4:5e:1b:a0:5e:85,-62,6836,577,6054545118,true
11-2,2024-12-27 15:56:04.486,MCSLab RTT AP2,24:29:34:e1:ef:d4,-64,249,303,6054545118,true
11-2,2024-12-27 15:56:04.486,MCSLab RTT AP3,e4:5e:1b:a0:5e:85,-62,6836,577,6054545118,true
11-2,2024-12-27 15:56:04.486,MCSLab RTT AP1,24:29:34:e2:4c:36,-69,5249,591,6054545118,true
11-2,2024-12-27 15:56:04.486,MCSLab RTT AP2,24:29:34:e1:ef:d4,-64,249,303,6054545118,true
11-2,2024-12-27 15:56:04.486,MCSLab RTT AP3,e4:5e:1b:a0:5e:85,-62,6836,577,6054545118,true
11-2,2024-12-27 15:56:04.486,MCSLab RTT AP1,24:29:34:e2:4c:36,-69,5249,591,6054545118,true
11-2,2024-12-27 15:56:04.486,MCSLab RTT AP3,b0:e4:d5:88:16:86,-63,2703,1108,6054545118,true
11-2,2024-12-27 15:56:04.630,MCSLab RTT AP2,24:29:34:e1:ef:d4,-64,307,322,6054545262,true
11-2,2024-12-27 15:56:04.630,MCSLab RTT AP2,24:29:34:e1:ef:d4,-64,307,322,6054545262,true
11-2,2024-12-27 15:56:04.630,MCSLab RTT AP3,e4:5e:1b:a0:5e:85,-62,6807,502,6054545262,true
11-2,2024-12-27 15:56:04.630,MCSLab RTT AP2,24:29:34:e1:ef:d4,-64,307,322,6054545262,true
11-2,2024-12-27 15:56:04.630,MCSLab RTT AP3,e4:5e:1b:a0:5e:85,-62,6807,502,6054545262,true
11-2,2024-12-27 15:56:04.630,MCSLab RTT AP1,24:29:34:e2:4c:36,-69,5444,411,6054545262,true
11-2,2024-12-27 15:56:04.630,MCSLab RTT AP2,24:29:34:e1:ef:d4,-64,307,322,6054545262,true
11-2,2024-12-27 15:56:04.630,MCSLab RTT AP3,e4:5e:1b:a0:5e:85,-62,6807,502,6054545262,true
11-2,2024-12-27 15:56:04.630,MCSLab RTT AP1,24:29:34:e2:4c:36,-69,5444,411,6054545262,true
11-2,2024-12-27 15:56:04.630,MCSLab RTT AP3,b0:e4:d5:88:16:86,-63,2508,1191,6054545262,true
11-2,2024-12-27 15:56:04.775,MCSLab RTT AP2,24:29:34:e1:ef:d4,-64,513,324,6054545408,true
11-2,2024-12-27 15:56:04.775,MCSLab RTT AP2,24:29:34:e1:ef:d4,-64,513,324,6054545408,true
11-2,2024-12-27 15:56:04.775,MCSLab RTT AP3,e4:5e:1b:a0:5e:85,-62,6719,525,6054545408,true
11-2,2024-12-27 15:56:04.775,MCSLab RTT AP2,24:29:34:e1:ef:d4,-64,513,324,6054545408,true
11-2,2024-12-27 15:56:04.775,MCSLab RTT AP3,e4:5e:1b:a0:5e:85,-62,6719,525,6054545408,true
11-2,2024-12-27 15:56:04.775,MCSLab RTT AP1,24:29:34:e2:4c:36,-69,5444,404,6054545408,true
11-2,2024-12-27 15:56:04.775,MCSLab RTT AP2,24:29:34:e1:ef:d4,-64,513,324,6054545408,true
11-2,2024-12-27 15:56:04.775,MCSLab RTT AP3,e4:5e:1b:a0:5e:85,-62,6719,525,6054545408,true
11-2,2024-12-27 15:56:04.775,MCSLab RTT AP1,24:29:34:e2:4c:36,-69,5444,404,6054545408,true
11-2,2024-12-27 15:56:04.775,MCSLab RTT AP3,b0:e4:d5:88:16:86,-60,2512,1406,6054545408,true
11-2,2024-12-27 15:56:04.921,MCSLab RTT AP2,24:29:34:e1:ef:d4,-64,454,257,6054545553,true
11-2,2024-12-27 15:56:04.921,MCSLab RTT AP2,24:29:34:e1:ef:d4,-64,454,257,6054545553,true
11-2,2024-12-27 15:56:04.921,MCSLab RTT AP3,e4:5e:1b:a0:5e:85,-61,6757,600,6054545553,true
11-2,2024-12-27 15:56:04.921,MCSLab RTT AP2,24:29:34:e1:ef:d4,-64,454,257,6054545553,true
11-2,2024-12-27 15:56:04.921,MCSLab RTT AP3,e4:5e:1b:a0:5e:85,-61,6757,600,6054545553,true
11-2,2024-12-27 15:56:04.921,MCSLab RTT AP1,24:29:34:e2:4c:36,-69,5249,533,6054545553,true
11-2,2024-12-27 15:56:04.921,MCSLab RTT AP2,24:29:34:e1:ef:d4,-64,454,257,6054545553,true
11-2,2024-12-27 15:56:04.921,MCSLab RTT AP3,e4:5e:1b:a0:5e:85,-61,6757,600,6054545553,true
11-2,2024-12-27 15:56:04.921,MCSLab RTT AP1,24:29:34:e2:4c:36,-69,5249,533,6054545553,true
11-2,2024-12-27 15:56:04.921,MCSLab RTT AP3,b0:e4:d5:88:16:86,-64,2430,1217,6054545553,true
11-2,2024-12-27 15:56:05.066,MCSLab RTT AP2,24:29:34:e1:ef:d4,-65,395,335,6054545696,true
11-2,2024-12-27 15:56:05.066,MCSLab RTT AP2,24:29:34:e1:ef:d4,-65,395,335,6054545696,true
11-2,2024-12-27 15:56:05.066,MCSLab RTT AP3,e4:5e:1b:a0:5e:85,-62,6807,537,6054545696,true
11-2,2024-12-27 15:56:05.066,MCSLab RTT AP2,24:29:34:e1:ef:d4,-65,395,335,6054545696,true
11-2,2024-12-27 15:56:05.066,MCSLab RTT AP3,e4:5e:1b:a0:5e:85,-62,6807,537,6054545696,true
11-2,2024-12-27 15:56:05.066,MCSLab RTT AP1,24:29:34:e2:4c:36,-69,5483,437,6054545696,true
11-2,2024-12-27 15:56:05.066,MCSLab RTT AP2,24:29:34:e1:ef:d4,-65,395,335,6054545696,true
11-2,2024-12-27 15:56:05.066,MCSLab RTT AP3,e4:5e:1b:a0:5e:85,-62,6807,537,6054545696,true
11-2,2024-12-27 15:56:05.066,MCSLab RTT AP1,24:29:34:e2:4c:36,-69,5483,437,6054545696,true
11-2,2024-12-27 15:56:05.066,MCSLab RTT AP3,b0:e4:d5:88:16:86,-61,2391,1373,6054545696,true
11-2,2024-12-27 15:56:05.209,MCSLab RTT AP2,24:29:34:e1:ef:d4,-65,337,296,6054545843,true
11-2,2024-12-27 15:56:05.209,MCSLab RTT AP2,24:29:34:e1:ef:d4,-65,337,296,6054545843,true
11-2,2024-12-27 15:56:05.209,MCSLab RTT AP3,e4:5e:1b:a0:5e:85,-59,6748,573,6054545842,true
11-2,2024-12-27 15:56:05.209,MCSLab RTT AP2,24:29:34:e1:ef:d4,-65,337,296,6054545843,true
11-2,2024-12-27 15:56:05.209,MCSLab RTT AP3,e4:5e:1b:a0:5e:85,-59,6748,573,6054545842,true
11-2,2024-12-27 15:56:05.209,MCSLab RTT AP1,24:29:34:e2:4c:36,-69,5600,402,6054545842,true
11-2,2024-12-27 15:56:05.209,MCSLab RTT AP2,24:29:34:e1:ef:d4,-65,337,296,6054545843,true
11-2,2024-12-27 15:56:05.209,MCSLab RTT AP3,e4:5e:1b:a0:5e:85,-59,6748,573,6054545842,true
11-2,2024-12-27 15:56:05.209,MCSLab RTT AP1,24:29:34:e2:4c:36,-69,5600,402,6054545842,true
11-2,2024-12-27 15:56:05.209,MCSLab RTT AP3,b0:e4:d5:88:16:86,-63,2547,1159,6054545842,true
11-2,2024-12-27 15:56:05.355,MCSLab RTT AP2,24:29:34:e1:ef:d4,-65,278,312,6054545988,true
11-2,2024-12-27 15:56:05.355,MCSLab RTT AP2,24:29:34:e1:ef:d4,-65,278,312,6054545988,true
11-2,2024-12-27 15:56:05.355,MCSLab RTT AP3,e4:5e:1b:a0:5e:85,-62,6689,676,6054545988,true
11-2,2024-12-27 15:56:05.355,MCSLab RTT AP2,24:29:34:e1:ef:d4,-65,278,312,6054545988,true
11-2,2024-12-27 15:56:05.355,MCSLab RTT AP3,e4:5e:1b:a0:5e:85,-62,6689,676,6054545988,true
11-2,2024-12-27 15:56:05.355,MCSLab RTT AP1,24:29:34:e2:4c:36,-69,5405,371,6054545988,true
11-2,2024-12-27 15:56:05.355,MCSLab RTT AP2,24:29:34:e1:ef:d4,-65,278,312,6054545988,true
11-2,2024-12-27 15:56:05.355,MCSLab RTT AP3,e4:5e:1b:a0:5e:85,-62,6689,676,6054545988,true
11-2,2024-12-27 15:56:05.355,MCSLab RTT AP1,24:29:34:e2:4c:36,-69,5405,371,6054545988,true
11-2,2024-12-27 15:56:05.355,MCSLab RTT AP3,b0:e4:d5:88:16:86,-64,2547,1188,6054545988,true
11-2,2024-12-27 15:56:05.500,MCSLab RTT AP2,24:29:34:e1:ef:d4,-64,220,296,6054546133,true
11-2,2024-12-27 15:56:05.500,MCSLab RTT AP2,24:29:34:e1:ef:d4,-64,220,296,6054546133,true
11-2,2024-12-27 15:56:05.500,MCSLab RTT AP3,e4:5e:1b:a0:5e:85,-62,6601,692,6054546133,true
11-2,2024-12-27 15:56:05.500,MCSLab RTT AP2,24:29:34:e1:ef:d4,-64,220,296,6054546133,true
11-2,2024-12-27 15:56:05.500,MCSLab RTT AP3,e4:5e:1b:a0:5e:85,-62,6601,692,6054546133,true
11-2,2024-12-27 15:56:05.500,MCSLab RTT AP1,24:29:34:e2:4c:36,-69,5561,394,6054546133,true
11-2,2024-12-27 15:56:05.500,MCSLab RTT AP2,24:29:34:e1:ef:d4,-64,220,296,6054546133,true
11-2,2024-12-27 15:56:05.500,MCSLab RTT AP3,e4:5e:1b:a0:5e:85,-62,6601,692,6054546133,true
11-2,2024-12-27 15:56:05.500,MCSLab RTT AP1,24:29:34:e2:4c:36,-69,5561,394,6054546133,true
11-2,2024-12-27 15:56:05.500,MCSLab RTT AP3,b0:e4:d5:88:16:86,-59,2323,1351,6054546133,true
11-2,2024-12-27 15:56:05.642,MCSLab RTT AP2,24:29:34:e1:ef:d4,-65,307,246,6054546275,true
11-2,2024-12-27 15:56:05.642,MCSLab RTT AP2,24:29:34:e1:ef:d4,-65,307,246,6054546275,true
11-2,2024-12-27 15:56:05.642,MCSLab RTT AP3,e4:5e:1b:a0:5e:85,-62,6836,481,6054546275,true
11-2,2024-12-27 15:56:05.642,MCSLab RTT AP2,24:29:34:e1:ef:d4,-65,307,246,6054546275,true
11-2,2024-12-27 15:56:05.642,MCSLab RTT AP3,e4:5e:1b:a0:5e:85,-62,6836,481,6054546275,true
11-2,2024-12-27 15:56:05.642,MCSLab RTT AP1,24:29:34:e2:4c:36,-69,5444,362,6054546275,true
11-2,2024-12-27 15:56:05.642,MCSLab RTT AP2,24:29:34:e1:ef:d4,-65,307,246,6054546275,true
11-2,2024-12-27 15:56:05.642,MCSLab RTT AP3,e4:5e:1b:a0:5e:85,-62,6836,481,6054546275,true
11-2,2024-12-27 15:56:05.642,MCSLab RTT AP1,24:29:34:e2:4c:36,-69,5444,362,6054546275,true
11-2,2024-12-27 15:56:05.642,MCSLab RTT AP3,b0:e4:d5:88:16:86,-64,2703,1127,6054546275,true
11-2,2024-12-27 15:56:05.774,MCSLab RTT AP2,24:29:34:e1:ef:d4,-65,395,175,6054546409,true
11-2,2024-12-27 15:56:05.774,MCSLab RTT AP2,24:29:34:e1:ef:d4,-65,395,175,6054546409,true
11-2,2024-12-27 15:56:05.774,MCSLab RTT AP3,e4:5e:1b:a0:5e:85,-62,6777,553,6054546409,true
11-2,2024-12-27 15:56:05.774,MCSLab RTT AP2,24:29:34:e1:ef:d4,-65,395,175,6054546409,true
11-2,2024-12-27 15:56:05.774,MCSLab RTT AP3,e4:5e:1b:a0:5e:85,-62,6777,553,6054546409,true
11-2,2024-12-27 15:56:05.774,MCSLab RTT AP1,24:29:34:e2:4c:36,-69,5405,385,6054546409,true
11-2,2024-12-27 15:56:05.774,MCSLab RTT AP2,24:29:34:e1:ef:d4,-65,395,175,6054546409,true
11-2,2024-12-27 15:56:05.774,MCSLab RTT AP3,e4:5e:1b:a0:5e:85,-62,6777,553,6054546409,true
11-2,2024-12-27 15:56:05.774,MCSLab RTT AP1,24:29:34:e2:4c:36,-69,5405,385,6054546409,true
11-2,2024-12-27 15:56:05.774,MCSLab RTT AP3,b0:e4:d5:88:16:86,-62,2703,1291,6054546409,true
11-2,2024-12-27 15:56:05.919,MCSLab RTT AP2,24:29:34:e1:ef:d4,-64,337,395,6054546552,true
11-2,2024-12-27 15:56:05.919,MCSLab RTT AP2,24:29:34:e1:ef:d4,-64,337,395,6054546552,true
11-2,2024-12-27 15:56:05.919,MCSLab RTT AP3,e4:5e:1b:a0:5e:85,-62,6372,910,6054546552,true
11-2,2024-12-27 15:56:05.919,MCSLab RTT AP2,24:29:34:e1:ef:d4,-64,337,395,6054546552,true
11-2,2024-12-27 15:56:05.919,MCSLab RTT AP3,e4:5e:1b:a0:5e:85,-62,6372,910,6054546552,true
11-2,2024-12-27 15:56:05.919,MCSLab RTT AP1,24:29:34:e2:4c:36,-69,5522,423,6054546552,true
11-2,2024-12-27 15:56:05.919,MCSLab RTT AP2,24:29:34:e1:ef:d4,-64,337,395,6054546552,true
11-2,2024-12-27 15:56:05.919,MCSLab RTT AP3,e4:5e:1b:a0:5e:85,-62,6372,910,6054546552,true
11-2,2024-12-27 15:56:05.919,MCSLab RTT AP1,24:29:34:e2:4c:36,-69,5522,423,6054546552,true
11-2,2024-12-27 15:56:05.919,MCSLab RTT AP3,b0:e4:d5:88:16:86,-63,2586,1225,6054546551,true
11-2,2024-12-27 15:56:06.063,MCSLab RTT AP2,24:29:34:e1:ef:d4,-64,337,290,6054546695,true
11-2,2024-12-27 15:56:06.063,MCSLab RTT AP2,24:29:34:e1:ef:d4,-64,337,290,6054546695,true
11-2,2024-12-27 15:56:06.063,MCSLab RTT AP3,e4:5e:1b:a0:5e:85,-62,6807,473,6054546695,true
11-2,2024-12-27 15:56:06.063,MCSLab RTT AP2,24:29:34:e1:ef:d4,-64,337,290,6054546695,true
11-2,2024-12-27 15:56:06.063,MCSLab RTT AP3,e4:5e:1b:a0:5e:85,-62,6807,473,6054546695,true
11-2,2024-12-27 15:56:06.063,MCSLab RTT AP1,24:29:34:e2:4c:36,-69,5483,427,6054546695,true
11-2,2024-12-27 15:56:06.063,MCSLab RTT AP2,24:29:34:e1:ef:d4,-64,337,290,6054546695,true
11-2,2024-12-27 15:56:06.063,MCSLab RTT AP3,e4:5e:1b:a0:5e:85,-62,6807,473,6054546695,true
11-2,2024-12-27 15:56:06.063,MCSLab RTT AP1,24:29:34:e2:4c:36,-69,5483,427,6054546695,true
11-2,2024-12-27 15:56:06.063,MCSLab RTT AP3,b0:e4:d5:88:16:86,-64,2430,1230,6054546695,true
11-2,2024-12-27 15:56:06.204,MCSLab RTT AP2,24:29:34:e1:ef:d4,-64,337,296,6054546837,true
11-2,2024-12-27 15:56:06.204,MCSLab RTT AP2,24:29:34:e1:ef:d4,-64,337,296,6054546837,true
11-2,2024-12-27 15:56:06.204,MCSLab RTT AP3,e4:5e:1b:a0:5e:85,-62,6689,619,6054546837,true
11-2,2024-12-27 15:56:06.204,MCSLab RTT AP2,24:29:34:e1:ef:d4,-64,337,296,6054546837,true
11-2,2024-12-27 15:56:06.204,MCSLab RTT AP3,e4:5e:1b:a0:5e:85,-62,6689,619,6054546837,true
11-2,2024-12-27 15:56:06.204,MCSLab RTT AP1,24:29:34:e2:4c:36,-69,5522,417,6054546837,true
11-2,2024-12-27 15:56:06.204,MCSLab RTT AP2,24:29:34:e1:ef:d4,-64,337,296,6054546837,true
11-2,2024-12-27 15:56:06.204,MCSLab RTT AP3,e4:5e:1b:a0:5e:85,-62,6689,619,6054546837,true
11-2,2024-12-27 15:56:06.204,MCSLab RTT AP1,24:29:34:e2:4c:36,-69,5522,417,6054546837,true
11-2,2024-12-27 15:56:06.204,MCSLab RTT AP3,b0:e4:d5:88:16:86,-64,2508,1133,6054546837,true
11-2,2024-12-27 15:56:06.349,MCSLab RTT AP2,24:29:34:e1:ef:d4,-64,278,268,6054546981,true
11-2,2024-12-27 15:56:06.349,MCSLab RTT AP2,24:29:34:e1:ef:d4,-64,278,268,6054546981,true
11-2,2024-12-27 15:56:06.349,MCSLab RTT AP3,e4:5e:1b:a0:5e:85,-62,6836,489,6054546980,true
11-2,2024-12-27 15:56:06.349,MCSLab RTT AP2,24:29:34:e1:ef:d4,-64,278,268,6054546981,true
11-2,2024-12-27 15:56:06.349,MCSLab RTT AP3,e4:5e:1b:a0:5e:85,-62,6836,489,6054546980,true
11-2,2024-12-27 15:56:06.349,MCSLab RTT AP1,24:29:34:e2:4c:36,-68,5444,337,6054546980,true
11-2,2024-12-27 15:56:06.349,MCSLab RTT AP2,24:29:34:e1:ef:d4,-64,278,268,6054546981,true
11-2,2024-12-27 15:56:06.349,MCSLab RTT AP3,e4:5e:1b:a0:5e:85,-62,6836,489,6054546980,true
11-2,2024-12-27 15:56:06.349,MCSLab RTT AP1,24:29:34:e2:4c:36,-68,5444,337,6054546980,true
11-2,2024-12-27 15:56:06.349,MCSLab RTT AP3,b0:e4:d5:88:16:86,-63,2469,1169,6054546980,true
11-2,2024-12-27 15:56:06.496,MCSLab RTT AP2,24:29:34:e1:ef:d4,-65,395,250,6054547130,true
11-2,2024-12-27 15:56:06.496,MCSLab RTT AP2,24:29:34:e1:ef:d4,-65,395,250,6054547130,true
11-2,2024-12-27 15:56:06.496,MCSLab RTT AP3,e4:5e:1b:a0:5e:85,-61,6719,567,6054547130,true
11-2,2024-12-27 15:56:06.496,MCSLab RTT AP2,24:29:34:e1:ef:d4,-65,395,250,6054547130,true
11-2,2024-12-27 15:56:06.496,MCSLab RTT AP3,e4:5e:1b:a0:5e:85,-61,6719,567,6054547130,true
11-2,2024-12-27 15:56:06.496,MCSLab RTT AP1,24:29:34:e2:4c:36,-69,5327,411,6054547130,true
11-2,2024-12-27 15:56:06.496,MCSLab RTT AP2,24:29:34:e1:ef:d4,-65,395,250,6054547130,true
11-2,2024-12-27 15:56:06.496,MCSLab RTT AP3,e4:5e:1b:a0:5e:85,-61,6719,567,6054547130,true
11-2,2024-12-27 15:56:06.496,MCSLab RTT AP1,24:29:34:e2:4c:36,-69,5327,411,6054547130,true
11-2,2024-12-27 15:56:06.496,MCSLab RTT AP3,b0:e4:d5:88:16:86,-64,2625,1118,6054547130,true
11-2,2024-12-27 15:56:06.642,MCSLab RTT AP2,24:29:34:e1:ef:d4,-64,307,234,6054547274,true
11-2,2024-12-27 15:56:06.642,MCSLab RTT AP2,24:29:34:e1:ef:d4,-64,307,234,6054547274,true
11-2,2024-12-27 15:56:06.642,MCSLab RTT AP3,e4:5e:1b:a0:5e:85,-62,6748,574,6054547274,true
11-2,2024-12-27 15:56:06.642,MCSLab RTT AP2,24:29:34:e1:ef:d4,-64,307,234,6054547274,true
11-2,2024-12-27 15:56:06.642,MCSLab RTT AP3,e4:5e:1b:a0:5e:85,-62,6748,574,6054547274,true
11-2,2024-12-27 15:56:06.642,MCSLab RTT AP1,24:29:34:e2:4c:36,-68,5366,447,6054547274,true
11-2,2024-12-27 15:56:06.642,MCSLab RTT AP2,24:29:34:e1:ef:d4,-64,307,234,6054547274,true
11-2,2024-12-27 15:56:06.642,MCSLab RTT AP3,e4:5e:1b:a0:5e:85,-62,6748,574,6054547274,true
11-2,2024-12-27 15:56:06.642,MCSLab RTT AP1,24:29:34:e2:4c:36,-68,5366,447,6054547274,true
11-2,2024-12-27 15:56:06.642,MCSLab RTT AP3,b0:e4:d5:88:16:86,-59,2469,1254,6054547274,true
11-2,2024-12-27 15:56:06.789,MCSLab RTT AP2,24:29:34:e1:ef:d4,-65,337,369,6054547422,true
11-2,2024-12-27 15:56:06.789,MCSLab RTT AP2,24:29:34:e1:ef:d4,-65,337,369,6054547422,true
11-2,2024-12-27 15:56:06.789,MCSLab RTT AP3,e4:5e:1b:a0:5e:85,-62,6689,515,6054547422,true
11-2,2024-12-27 15:56:06.789,MCSLab RTT AP2,24:29:34:e1:ef:d4,-65,337,369,6054547422,true
11-2,2024-12-27 15:56:06.789,MCSLab RTT AP3,e4:5e:1b:a0:5e:85,-62,6689,515,6054547422,true
11-2,2024-12-27 15:56:06.789,MCSLab RTT AP1,24:29:34:e2:4c:36,-69,5522,435,6054547422,true
11-2,2024-12-27 15:56:06.789,MCSLab RTT AP2,24:29:34:e1:ef:d4,-65,337,369,6054547422,true
11-2,2024-12-27 15:56:06.789,MCSLab RTT AP3,e4:5e:1b:a0:5e:85,-62,6689,515,6054547422,true
11-2,2024-12-27 15:56:06.789,MCSLab RTT AP1,24:29:34:e2:4c:36,-69,5522,435,6054547422,true
11-2,2024-12-27 15:56:06.789,MCSLab RTT AP3,b0:e4:d5:88:16:86,-59,2479,1209,6054547422,true
11-2,2024-12-27 15:56:06.934,MCSLab RTT AP2,24:29:34:e1:ef:d4,-64,454,328,6054547566,true
11-2,2024-12-27 15:56:06.934,MCSLab RTT AP2,24:29:34:e1:ef:d4,-64,454,328,6054547566,true
11-2,2024-12-27 15:56:06.934,MCSLab RTT AP3,e4:5e:1b:a0:5e:85,-62,6748,515,6054547566,true
11-2,2024-12-27 15:56:06.934,MCSLab RTT AP2,24:29:34:e1:ef:d4,-64,454,328,6054547566,true
11-2,2024-12-27 15:56:06.934,MCSLab RTT AP3,e4:5e:1b:a0:5e:85,-62,6748,515,6054547566,true
11-2,2024-12-27 15:56:06.934,MCSLab RTT AP1,24:29:34:e2:4c:36,-69,5405,391,6054547566,true
11-2,2024-12-27 15:56:06.934,MCSLab RTT AP2,24:29:34:e1:ef:d4,-64,454,328,6054547566,true
11-2,2024-12-27 15:56:06.934,MCSLab RTT AP3,e4:5e:1b:a0:5e:85,-62,6748,515,6054547566,true
11-2,2024-12-27 15:56:06.934,MCSLab RTT AP1,24:29:34:e2:4c:36,-69,5405,391,6054547566,true
11-2,2024-12-27 15:56:06.934,MCSLab RTT AP3,b0:e4:d5:88:16:86,-63,2508,1131,6054547566,true
11-2,2024-12-27 15:56:07.071,MCSLab RTT AP2,24:29:34:e1:ef:d4,-64,337,351,6054547705,true
11-2,2024-12-27 15:56:07.071,MCSLab RTT AP2,24:29:34:e1:ef:d4,-64,337,351,6054547705,true
11-2,2024-12-27 15:56:07.071,MCSLab RTT AP3,e4:5e:1b:a0:5e:85,-62,6777,517,6054547705,true
11-2,2024-12-27 15:56:07.071,MCSLab RTT AP2,24:29:34:e1:ef:d4,-64,337,351,6054547705,true
11-2,2024-12-27 15:56:07.071,MCSLab RTT AP3,e4:5e:1b:a0:5e:85,-62,6777,517,6054547705,true
11-2,2024-12-27 15:56:07.071,MCSLab RTT AP1,24:29:34:e2:4c:36,-69,5405,412,6054547705,true
11-2,2024-12-27 15:56:07.071,MCSLab RTT AP2,24:29:34:e1:ef:d4,-64,337,351,6054547705,true
11-2,2024-12-27 15:56:07.071,MCSLab RTT AP3,e4:5e:1b:a0:5e:85,-62,6777,517,6054547705,true
11-2,2024-12-27 15:56:07.071,MCSLab RTT AP1,24:29:34:e2:4c:36,-69,5405,412,6054547705,true
11-2,2024-12-27 15:56:07.071,MCSLab RTT AP3,b0:e4:d5:88:16:86,-64,2586,1123,6054547705,true
11-2,2024-12-27 15:56:07.215,MCSLab RTT AP2,24:29:34:e1:ef:d4,-64,366,261,6054547847,true
11-2,2024-12-27 15:56:07.215,MCSLab RTT AP2,24:29:34:e1:ef:d4,-64,366,261,6054547847,true
11-2,2024-12-27 15:56:07.215,MCSLab RTT AP3,e4:5e:1b:a0:5e:85,-61,6660,589,6054547847,true
11-2,2024-12-27 15:56:07.215,MCSLab RTT AP2,24:29:34:e1:ef:d4,-64,366,261,6054547847,true
11-2,2024-12-27 15:56:07.215,MCSLab RTT AP3,e4:5e:1b:a0:5e:85,-61,6660,589,6054547847,true
11-2,2024-12-27 15:56:07.215,MCSLab RTT AP1,24:29:34:e2:4c:36,-69,5327,515,6054547847,true
11-2,2024-12-27 15:56:07.215,MCSLab RTT AP2,24:29:34:e1:ef:d4,-64,366,261,6054547847,true
11-2,2024-12-27 15:56:07.215,MCSLab RTT AP3,e4:5e:1b:a0:5e:85,-61,6660,589,6054547847,true
11-2,2024-12-27 15:56:07.215,MCSLab RTT AP1,24:29:34:e2:4c:36,-69,5327,515,6054547847,true
11-2,2024-12-27 15:56:07.215,MCSLab RTT AP3,b0:e4:d5:88:16:86,-62,2430,1215,6054547847,true
11-2,2024-12-27 15:56:07.359,MCSLab RTT AP2,24:29:34:e1:ef:d4,-64,366,232,6054547992,true
11-2,2024-12-27 15:56:07.359,MCSLab RTT AP2,24:29:34:e1:ef:d4,-64,366,232,6054547992,true
11-2,2024-12-27 15:56:07.359,MCSLab RTT AP3,e4:5e:1b:a0:5e:85,-62,6807,485,6054547992,true
11-2,2024-12-27 15:56:07.359,MCSLab RTT AP2,24:29:34:e1:ef:d4,-64,366,232,6054547992,true
11-2,2024-12-27 15:56:07.359,MCSLab RTT AP3,e4:5e:1b:a0:5e:85,-62,6807,485,6054547992,true
11-2,2024-12-27 15:56:07.359,MCSLab RTT AP1,24:29:34:e2:4c:36,-69,5405,399,6054547992,true
11-2,2024-12-27 15:56:07.359,MCSLab RTT AP2,24:29:34:e1:ef:d4,-64,366,232,6054547992,true
11-2,2024-12-27 15:56:07.359,MCSLab RTT AP3,e4:5e:1b:a0:5e:85,-62,6807,485,6054547992,true
11-2,2024-12-27 15:56:07.359,MCSLab RTT AP1,24:29:34:e2:4c:36,-69,5405,399,6054547992,true
11-2,2024-12-27 15:56:07.359,MCSLab RTT AP3,b0:e4:d5:88:16:86,-64,2391,1207,6054547992,true
11-2,2024-12-27 15:56:07.506,MCSLab RTT AP2,24:29:34:e1:ef:d4,-64,366,273,6054548139,true
11-2,2024-12-27 15:56:07.506,MCSLab RTT AP2,24:29:34:e1:ef:d4,-64,366,273,6054548139,true
11-2,2024-12-27 15:56:07.506,MCSLab RTT AP3,e4:5e:1b:a0:5e:85,-62,6689,504,6054548139,true
11-2,2024-12-27 15:56:07.506,MCSLab RTT AP2,24:29:34:e1:ef:d4,-64,366,273,6054548139,true
11-2,2024-12-27 15:56:07.506,MCSLab RTT AP3,e4:5e:1b:a0:5e:85,-62,6689,504,6054548139,true
11-2,2024-12-27 15:56:07.506,MCSLab RTT AP1,24:29:34:e2:4c:36,-69,5405,460,6054548139,true
11-2,2024-12-27 15:56:07.506,MCSLab RTT AP2,24:29:34:e1:ef:d4,-64,366,273,6054548139,true
11-2,2024-12-27 15:56:07.506,MCSLab RTT AP3,e4:5e:1b:a0:5e:85,-62,6689,504,6054548139,true
11-2,2024-12-27 15:56:07.506,MCSLab RTT AP1,24:29:34:e2:4c:36,-69,5405,460,6054548139,true
11-2,2024-12-27 15:56:07.506,MCSLab RTT AP3,b0:e4:d5:88:16:86,-64,2469,1270,6054548139,true
11-2,2024-12-27 15:56:07.653,MCSLab RTT AP2,24:29:34:e1:ef:d4,-64,542,311,6054548287,true
11-2,2024-12-27 15:56:07.653,MCSLab RTT AP2,24:29:34:e1:ef:d4,-64,542,311,6054548287,true
11-2,2024-12-27 15:56:07.653,MCSLab RTT AP3,e4:5e:1b:a0:5e:85,-62,6660,617,6054548286,true
11-2,2024-12-27 15:56:07.653,MCSLab RTT AP2,24:29:34:e1:ef:d4,-64,542,311,6054548287,true
11-2,2024-12-27 15:56:07.653,MCSLab RTT AP3,e4:5e:1b:a0:5e:85,-62,6660,617,6054548286,true
11-2,2024-12-27 15:56:07.653,MCSLab RTT AP1,24:29:34:e2:4c:36,-69,5405,408,6054548287,true
11-2,2024-12-27 15:56:07.653,MCSLab RTT AP2,24:29:34:e1:ef:d4,-64,542,311,6054548287,true
11-2,2024-12-27 15:56:07.653,MCSLab RTT AP3,e4:5e:1b:a0:5e:85,-62,6660,617,6054548286,true
11-2,2024-12-27 15:56:07.653,MCSLab RTT AP1,24:29:34:e2:4c:36,-69,5405,408,6054548287,true
11-2,2024-12-27 15:56:07.653,MCSLab RTT AP3,b0:e4:d5:88:16:86,-64,2508,1180,6054548286,true
11-2,2024-12-27 15:56:07.803,MCSLab RTT AP2,24:29:34:e1:ef:d4,-64,395,196,6054548430,true
11-2,2024-12-27 15:56:07.803,MCSLab RTT AP2,24:29:34:e1:ef:d4,-64,395,196,6054548430,true
11-2,2024-12-27 15:56:07.803,MCSLab RTT AP3,e4:5e:1b:a0:5e:85,-63,6777,434,6054548430,true
11-2,2024-12-27 15:56:07.803,MCSLab RTT AP2,24:29:34:e1:ef:d4,-64,395,196,6054548430,true
11-2,2024-12-27 15:56:07.803,MCSLab RTT AP3,e4:5e:1b:a0:5e:85,-63,6777,434,6054548430,true
11-2,2024-12-27 15:56:07.803,MCSLab RTT AP1,24:29:34:e2:4c:36,-68,5522,258,6054548430,true
11-2,2024-12-27 15:56:07.803,MCSLab RTT AP2,24:29:34:e1:ef:d4,-64,395,196,6054548430,true
11-2,2024-12-27 15:56:07.803,MCSLab RTT AP3,e4:5e:1b:a0:5e:85,-63,6777,434,6054548430,true
11-2,2024-12-27 15:56:07.803,MCSLab RTT AP1,24:29:34:e2:4c:36,-68,5522,258,6054548430,true
11-2,2024-12-27 15:56:07.803,MCSLab RTT AP3,b0:e4:d5:88:16:86,-64,2586,1186,6054548430,true
11-2,2024-12-27 15:56:07.940,MCSLab RTT AP2,24:29:34:e1:ef:d4,-64,278,335,6054548574,true
11-2,2024-12-27 15:56:07.940,MCSLab RTT AP2,24:29:34:e1:ef:d4,-64,278,335,6054548574,true
11-2,2024-12-27 15:56:07.940,MCSLab RTT AP3,e4:5e:1b:a0:5e:85,-62,6689,505,6054548574,true
11-2,2024-12-27 15:56:07.940,MCSLab RTT AP2,24:29:34:e1:ef:d4,-64,278,335,6054548574,true
11-2,2024-12-27 15:56:07.940,MCSLab RTT AP3,e4:5e:1b:a0:5e:85,-62,6689,505,6054548574,true
11-2,2024-12-27 15:56:07.940,MCSLab RTT AP1,24:29:34:e2:4c:36,-69,5405,404,6054548574,true
11-2,2024-12-27 15:56:07.940,MCSLab RTT AP2,24:29:34:e1:ef:d4,-64,278,335,6054548574,true
11-2,2024-12-27 15:56:07.940,MCSLab RTT AP3,e4:5e:1b:a0:5e:85,-62,6689,505,6054548574,true
11-2,2024-12-27 15:56:07.940,MCSLab RTT AP1,24:29:34:e2:4c:36,-69,5405,404,6054548574,true
11-2,2024-12-27 15:56:07.940,MCSLab RTT AP3,b0:e4:d5:88:16:86,-64,2508,1131,6054548574,true
11-2,2024-12-27 15:56:08.082,MCSLab RTT AP2,24:29:34:e1:ef:d4,-64,366,336,6054548715,true
11-2,2024-12-27 15:56:08.082,MCSLab RTT AP2,24:29:34:e1:ef:d4,-64,366,336,6054548715,true
11-2,2024-12-27 15:56:08.082,MCSLab RTT AP3,e4:5e:1b:a0:5e:85,-63,6748,509,6054548715,true
11-2,2024-12-27 15:56:08.082,MCSLab RTT AP2,24:29:34:e1:ef:d4,-64,366,336,6054548715,true
11-2,2024-12-27 15:56:08.082,MCSLab RTT AP3,e4:5e:1b:a0:5e:85,-63,6748,509,6054548715,true
11-2,2024-12-27 15:56:08.082,MCSLab RTT AP1,24:29:34:e2:4c:36,-63,5483,790,6054548715,true
11-2,2024-12-27 15:56:08.082,MCSLab RTT AP2,24:29:34:e1:ef:d4,-64,366,336,6054548715,true
11-2,2024-12-27 15:56:08.082,MCSLab RTT AP3,e4:5e:1b:a0:5e:85,-63,6748,509,6054548715,true
11-2,2024-12-27 15:56:08.082,MCSLab RTT AP1,24:29:34:e2:4c:36,-63,5483,790,6054548715,true
11-2,2024-12-27 15:56:08.082,MCSLab RTT AP3,b0:e4:d5:88:16:86,-64,2430,1245,6054548715,true
11-2,2024-12-27 15:56:08.217,MCSLab RTT AP2,24:29:34:e1:ef:d4,-65,425,414,6054548850,true
11-2,2024-12-27 15:56:08.217,MCSLab RTT AP2,24:29:34:e1:ef:d4,-65,425,414,6054548850,true
11-2,2024-12-27 15:56:08.217,MCSLab RTT AP3,e4:5e:1b:a0:5e:85,-63,6807,473,6054548850,true
11-2,2024-12-27 15:56:08.217,MCSLab RTT AP2,24:29:34:e1:ef:d4,-65,425,414,6054548850,true
11-2,2024-12-27 15:56:08.217,MCSLab RTT AP3,e4:5e:1b:a0:5e:85,-63,6807,473,6054548850,true
11-2,2024-12-27 15:56:08.217,MCSLab RTT AP1,24:29:34:e2:4c:36,-69,5366,444,6054548850,true
11-2,2024-12-27 15:56:08.217,MCSLab RTT AP2,24:29:34:e1:ef:d4,-65,425,414,6054548850,true
11-2,2024-12-27 15:56:08.217,MCSLab RTT AP3,e4:5e:1b:a0:5e:85,-63,6807,473,6054548850,true
11-2,2024-12-27 15:56:08.217,MCSLab RTT AP1,24:29:34:e2:4c:36,-69,5366,444,6054548850,true
11-2,2024-12-27 15:56:08.217,MCSLab RTT AP3,b0:e4:d5:88:16:86,-64,2508,1210,6054548850,true
11-2,2024-12-27 15:56:08.354,MCSLab RTT AP2,24:29:34:e1:ef:d4,-64,337,328,6054548987,true
11-2,2024-12-27 15:56:08.354,MCSLab RTT AP2,24:29:34:e1:ef:d4,-64,337,328,6054548987,true
11-2,2024-12-27 15:56:08.354,MCSLab RTT AP3,e4:5e:1b:a0:5e:85,-63,6807,485,6054548987,true
11-2,2024-12-27 15:56:08.354,MCSLab RTT AP2,24:29:34:e1:ef:d4,-64,337,328,6054548987,true
11-2,2024-12-27 15:56:08.354,MCSLab RTT AP3,e4:5e:1b:a0:5e:85,-63,6807,485,6054548987,true
11-2,2024-12-27 15:56:08.354,MCSLab RTT AP1,24:29:34:e2:4c:36,-69,5405,473,6054548987,true
11-2,2024-12-27 15:56:08.354,MCSLab RTT AP2,24:29:34:e1:ef:d4,-64,337,328,6054548987,true
11-2,2024-12-27 15:56:08.354,MCSLab RTT AP3,e4:5e:1b:a0:5e:85,-63,6807,485,6054548987,true
11-2,2024-12-27 15:56:08.354,MCSLab RTT AP1,24:29:34:e2:4c:36,-69,5405,473,6054548987,true
11-2,2024-12-27 15:56:08.354,MCSLab RTT AP3,b0:e4:d5:88:16:86,-62,2469,1300,6054548987,true
11-2,2024-12-27 15:56:08.498,MCSLab RTT AP2,24:29:34:e1:ef:d4,-65,395,381,6054549129,true
11-2,2024-12-27 15:56:08.498,MCSLab RTT AP2,24:29:34:e1:ef:d4,-65,395,381,6054549129,true
11-2,2024-12-27 15:56:08.498,MCSLab RTT AP3,e4:5e:1b:a0:5e:85,-63,6719,569,6054549129,true
11-2,2024-12-27 15:56:08.498,MCSLab RTT AP2,24:29:34:e1:ef:d4,-65,395,381,6054549129,true
11-2,2024-12-27 15:56:08.498,MCSLab RTT AP3,e4:5e:1b:a0:5e:85,-63,6719,569,6054549129,true
11-2,2024-12-27 15:56:08.498,MCSLab RTT AP1,24:29:34:e2:4c:36,-69,5561,348,6054549129,true
11-2,2024-12-27 15:56:08.498,MCSLab RTT AP2,24:29:34:e1:ef:d4,-65,395,381,6054549129,true
11-2,2024-12-27 15:56:08.498,MCSLab RTT AP3,e4:5e:1b:a0:5e:85,-63,6719,569,6054549129,true
11-2,2024-12-27 15:56:08.498,MCSLab RTT AP1,24:29:34:e2:4c:36,-69,5561,348,6054549129,true
11-2,2024-12-27 15:56:08.498,MCSLab RTT AP3,b0:e4:d5:88:16:86,-64,2391,1176,6054549129,true
11-2,2024-12-27 15:56:08.639,MCSLab RTT AP2,24:29:34:e1:ef:d4,-65,366,171,6054549273,true
11-2,2024-12-27 15:56:08.639,MCSLab RTT AP2,24:29:34:e1:ef:d4,-65,366,171,6054549273,true
11-2,2024-12-27 15:56:08.639,MCSLab RTT AP3,e4:5e:1b:a0:5e:85,-61,6719,581,6054549273,true
11-2,2024-12-27 15:56:08.639,MCSLab RTT AP2,24:29:34:e1:ef:d4,-65,366,171,6054549273,true
11-2,2024-12-27 15:56:08.639,MCSLab RTT AP3,e4:5e:1b:a0:5e:85,-61,6719,581,6054549273,true
11-2,2024-12-27 15:56:08.639,MCSLab RTT AP1,24:29:34:e2:4c:36,-69,5405,428,6054549273,true
11-2,2024-12-27 15:56:08.639,MCSLab RTT AP2,24:29:34:e1:ef:d4,-65,366,171,6054549273,true
11-2,2024-12-27 15:56:08.639,MCSLab RTT AP3,e4:5e:1b:a0:5e:85,-61,6719,581,6054549273,true
11-2,2024-12-27 15:56:08.639,MCSLab RTT AP1,24:29:34:e2:4c:36,-69,5405,428,6054549273,true
11-2,2024-12-27 15:56:08.639,MCSLab RTT AP3,b0:e4:d5:88:16:86,-64,2508,1131,6054549273,true
11-2,2024-12-27 15:56:08.782,MCSLab RTT AP2,24:29:34:e1:ef:d4,-65,366,206,6054549415,true
11-2,2024-12-27 15:56:08.782,MCSLab RTT AP2,24:29:34:e1:ef:d4,-65,366,206,6054549415,true
11-2,2024-12-27 15:56:08.782,MCSLab RTT AP3,e4:5e:1b:a0:5e:85,-63,6660,345,6054549415,true
11-2,2024-12-27 15:56:08.782,MCSLab RTT AP2,24:29:34:e1:ef:d4,-65,366,206,6054549415,true
11-2,2024-12-27 15:56:08.782,MCSLab RTT AP3,e4:5e:1b:a0:5e:85,-63,6660,345,6054549415,true
11-2,2024-12-27 15:56:08.782,MCSLab RTT AP1,24:29:34:e2:4c:36,-69,5405,370,6054549415,true
11-2,2024-12-27 15:56:08.782,MCSLab RTT AP2,24:29:34:e1:ef:d4,-65,366,206,6054549415,true
11-2,2024-12-27 15:56:08.782,MCSLab RTT AP3,e4:5e:1b:a0:5e:85,-63,6660,345,6054549415,true
11-2,2024-12-27 15:56:08.782,MCSLab RTT AP1,24:29:34:e2:4c:36,-69,5405,370,6054549415,true
11-2,2024-12-27 15:56:08.782,MCSLab RTT AP3,b0:e4:d5:88:16:86,-64,2430,1204,6054549415,true
11-2,2024-12-27 15:56:08.931,MCSLab RTT AP2,24:29:34:e1:ef:d4,-65,542,229,6054549563,true
11-2,2024-12-27 15:56:08.931,MCSLab RTT AP2,24:29:34:e1:ef:d4,-65,542,229,6054549563,true
11-2,2024-12-27 15:56:08.931,MCSLab RTT AP3,e4:5e:1b:a0:5e:85,-62,6377,318,6054549563,true
11-2,2024-12-27 15:56:08.931,MCSLab RTT AP2,24:29:34:e1:ef:d4,-65,542,229,6054549563,true
11-2,2024-12-27 15:56:08.931,MCSLab RTT AP3,e4:5e:1b:a0:5e:85,-62,6377,318,6054549563,true
11-2,2024-12-27 15:56:08.931,MCSLab RTT AP1,24:29:34:e2:4c:36,-69,5327,429,6054549563,true
11-2,2024-12-27 15:56:08.931,MCSLab RTT AP2,24:29:34:e1:ef:d4,-65,542,229,6054549563,true
11-2,2024-12-27 15:56:08.931,MCSLab RTT AP3,e4:5e:1b:a0:5e:85,-62,6377,318,6054549563,true
11-2,2024-12-27 15:56:08.931,MCSLab RTT AP1,24:29:34:e2:4c:36,-69,5327,429,6054549563,true
11-2,2024-12-27 15:56:08.931,MCSLab RTT AP3,b0:e4:d5:88:16:86,-62,2469,1240,6054549563,true
11-2,2024-12-27 15:56:09.080,MCSLab RTT AP2,24:29:34:e1:ef:d4,-65,366,353,6054549713,true
11-2,2024-12-27 15:56:09.080,MCSLab RTT AP2,24:29:34:e1:ef:d4,-65,366,353,6054549713,true
11-2,2024-12-27 15:56:09.080,MCSLab RTT AP3,e4:5e:1b:a0:5e:85,-62,6719,457,6054549713,true
11-2,2024-12-27 15:56:09.080,MCSLab RTT AP2,24:29:34:e1:ef:d4,-65,366,353,6054549713,true
11-2,2024-12-27 15:56:09.080,MCSLab RTT AP3,e4:5e:1b:a0:5e:85,-62,6719,457,6054549713,true
11-2,2024-12-27 15:56:09.080,MCSLab RTT AP1,24:29:34:e2:4c:36,-69,5561,392,6054549713,true
11-2,2024-12-27 15:56:09.080,MCSLab RTT AP2,24:29:34:e1:ef:d4,-65,366,353,6054549713,true
11-2,2024-12-27 15:56:09.080,MCSLab RTT AP3,e4:5e:1b:a0:5e:85,-62,6719,457,6054549713,true
11-2,2024-12-27 15:56:09.080,MCSLab RTT AP1,24:29:34:e2:4c:36,-69,5561,392,6054549713,true
11-2,2024-12-27 15:56:09.080,MCSLab RTT AP3,b0:e4:d5:88:16:86,-64,2664,1146,6054549713,true
11-2,2024-12-27 15:56:09.224,MCSLab RTT AP2,24:29:34:e1:ef:d4,-65,366,166,6054549857,true
11-2,2024-12-27 15:56:09.224,MCSLab RTT AP2,24:29:34:e1:ef:d4,-65,366,166,6054549857,true
11-2,2024-12-27 15:56:09.224,MCSLab RTT AP3,e4:5e:1b:a0:5e:85,-63,6660,579,6054549857,true
11-2,2024-12-27 15:56:09.224,MCSLab RTT AP2,24:29:34:e1:ef:d4,-65,366,166,6054549857,true
11-2,2024-12-27 15:56:09.224,MCSLab RTT AP3,e4:5e:1b:a0:5e:85,-63,6660,579,6054549857,true
11-2,2024-12-27 15:56:09.224,MCSLab RTT AP1,24:29:34:e2:4c:36,-68,5522,381,6054549857,true
11-2,2024-12-27 15:56:09.224,MCSLab RTT AP2,24:29:34:e1:ef:d4,-65,366,166,6054549857,true
11-2,2024-12-27 15:56:09.224,MCSLab RTT AP3,e4:5e:1b:a0:5e:85,-63,6660,579,6054549857,true
11-2,2024-12-27 15:56:09.224,MCSLab RTT AP1,24:29:34:e2:4c:36,-68,5522,381,6054549857,true
11-2,2024-12-27 15:56:09.224,MCSLab RTT AP3,b0:e4:d5:88:16:86,-64,2469,1241,6054549857,true
11-2,2024-12-27 15:56:09.368,MCSLab RTT AP2,24:29:34:e1:ef:d4,-65,483,254,6054550003,true
11-2,2024-12-27 15:56:09.368,MCSLab RTT AP2,24:29:34:e1:ef:d4,-65,483,254,6054550003,true
11-2,2024-12-27 15:56:09.368,MCSLab RTT AP3,e4:5e:1b:a0:5e:85,-59,6694,268,6054550002,true
11-2,2024-12-27 15:56:09.368,MCSLab RTT AP2,24:29:34:e1:ef:d4,-65,483,254,6054550003,true
11-2,2024-12-27 15:56:09.368,MCSLab RTT AP3,e4:5e:1b:a0:5e:85,-59,6694,268,6054550002,true
11-2,2024-12-27 15:56:09.368,MCSLab RTT AP1,24:29:34:e2:4c:36,-68,5249,458,6054550003,true
11-2,2024-12-27 15:56:09.368,MCSLab RTT AP2,24:29:34:e1:ef:d4,-65,483,254,6054550003,true
11-2,2024-12-27 15:56:09.368,MCSLab RTT AP3,e4:5e:1b:a0:5e:85,-59,6694,268,6054550002,true
11-2,2024-12-27 15:56:09.368,MCSLab RTT AP1,24:29:34:e2:4c:36,-68,5249,458,6054550003,true
11-2,2024-12-27 15:56:09.368,MCSLab RTT AP3,b0:e4:d5:88:16:86,-62,2160,1388,6054550002,true
11-2,2024-12-27 15:56:09.505,MCSLab RTT AP2,24:29:34:e1:ef:d4,-65,395,306,6054550137,true
11-2,2024-12-27 15:56:09.505,MCSLab RTT AP2,24:29:34:e1:ef:d4,-65,395,306,6054550137,true
11-2,2024-12-27 15:56:09.505,MCSLab RTT AP3,e4:5e:1b:a0:5e:85,-63,6572,626,6054550137,true
11-2,2024-12-27 15:56:09.505,MCSLab RTT AP2,24:29:34:e1:ef:d4,-65,395,306,6054550137,true
11-2,2024-12-27 15:56:09.505,MCSLab RTT AP3,e4:5e:1b:a0:5e:85,-63,6572,626,6054550137,true
11-2,2024-12-27 15:56:09.505,MCSLab RTT AP1,24:29:34:e2:4c:36,-69,5522,328,6054550137,true
11-2,2024-12-27 15:56:09.505,MCSLab RTT AP2,24:29:34:e1:ef:d4,-65,395,306,6054550137,true
11-2,2024-12-27 15:56:09.505,MCSLab RTT AP3,e4:5e:1b:a0:5e:85,-63,6572,626,6054550137,true
11-2,2024-12-27 15:56:09.505,MCSLab RTT AP1,24:29:34:e2:4c:36,-69,5522,328,6054550137,true
11-2,2024-12-27 15:56:09.505,MCSLab RTT AP3,b0:e4:d5:88:16:86,-64,2508,1163,6054550136,true
11-2,2024-12-27 15:56:09.646,MCSLab RTT AP2,24:29:34:e1:ef:d4,-65,425,202,6054550279,true
11-2,2024-12-27 15:56:09.646,MCSLab RTT AP2,24:29:34:e1:ef:d4,-65,425,202,6054550279,true
11-2,2024-12-27 15:56:09.646,MCSLab RTT AP3,e4:5e:1b:a0:5e:85,-60,6523,690,6054550279,true
11-2,2024-12-27 15:56:09.646,MCSLab RTT AP2,24:29:34:e1:ef:d4,-65,425,202,6054550279,true
11-2,2024-12-27 15:56:09.646,MCSLab RTT AP3,e4:5e:1b:a0:5e:85,-60,6523,690,6054550279,true
11-2,2024-12-27 15:56:09.646,MCSLab RTT AP1,24:29:34:e2:4c:36,-68,5366,534,6054550279,true
11-2,2024-12-27 15:56:09.646,MCSLab RTT AP2,24:29:34:e1:ef:d4,-65,425,202,6054550279,true
11-2,2024-12-27 15:56:09.646,MCSLab RTT AP3,e4:5e:1b:a0:5e:85,-60,6523,690,6054550279,true
11-2,2024-12-27 15:56:09.646,MCSLab RTT AP1,24:29:34:e2:4c:36,-68,5366,534,6054550279,true
11-2,2024-12-27 15:56:09.646,MCSLab RTT AP3,b0:e4:d5:88:16:86,-64,2508,1191,6054550279,true
11-2,2024-12-27 15:56:09.791,MCSLab RTT AP2,24:29:34:e1:ef:d4,-65,395,299,6054550422,true
11-2,2024-12-27 15:56:09.791,MCSLab RTT AP2,24:29:34:e1:ef:d4,-65,395,299,6054550422,true
11-2,2024-12-27 15:56:09.791,MCSLab RTT AP3,e4:5e:1b:a0:5e:85,-63,6748,543,6054550422,true
11-2,2024-12-27 15:56:09.791,MCSLab RTT AP2,24:29:34:e1:ef:d4,-65,395,299,6054550422,true
11-2,2024-12-27 15:56:09.791,MCSLab RTT AP3,e4:5e:1b:a0:5e:85,-63,6748,543,6054550422,true
11-2,2024-12-27 15:56:09.791,MCSLab RTT AP1,24:29:34:e2:4c:36,-68,5405,468,6054550422,true
11-2,2024-12-27 15:56:09.791,MCSLab RTT AP2,24:29:34:e1:ef:d4,-65,395,299,6054550422,true
11-2,2024-12-27 15:56:09.791,MCSLab RTT AP3,e4:5e:1b:a0:5e:85,-63,6748,543,6054550422,true
11-2,2024-12-27 15:56:09.791,MCSLab RTT AP1,24:29:34:e2:4c:36,-68,5405,468,6054550422,true
11-2,2024-12-27 15:56:09.791,MCSLab RTT AP3,b0:e4:d5:88:16:86,-62,2508,1340,6054550422,true
11-2,2024-12-27 15:56:09.938,MCSLab RTT AP2,24:29:34:e1:ef:d4,-64,366,280,6054550570,true
11-2,2024-12-27 15:56:09.938,MCSLab RTT AP2,24:29:34:e1:ef:d4,-64,366,280,6054550570,true
11-2,2024-12-27 15:56:09.938,MCSLab RTT AP3,e4:5e:1b:a0:5e:85,-62,6748,535,6054550570,true
11-2,2024-12-27 15:56:09.938,MCSLab RTT AP2,24:29:34:e1:ef:d4,-64,366,280,6054550570,true
11-2,2024-12-27 15:56:09.938,MCSLab RTT AP3,e4:5e:1b:a0:5e:85,-62,6748,535,6054550570,true
11-2,2024-12-27 15:56:09.938,MCSLab RTT AP1,24:29:34:e2:4c:36,-68,5366,448,6054550570,true
11-2,2024-12-27 15:56:09.938,MCSLab RTT AP2,24:29:34:e1:ef:d4,-64,366,280,6054550570,true
11-2,2024-12-27 15:56:09.938,MCSLab RTT AP3,e4:5e:1b:a0:5e:85,-62,6748,535,6054550570,true
11-2,2024-12-27 15:56:09.938,MCSLab RTT AP1,24:29:34:e2:4c:36,-68,5366,448,6054550570,true
11-2,2024-12-27 15:56:09.938,MCSLab RTT AP3,b0:e4:d5:88:16:86,-64,2625,1148,6054550570,true
11-2,2024-12-27 15:56:10.080,MCSLab RTT AP2,24:29:34:e1:ef:d4,-65,366,322,6054550714,true
11-2,2024-12-27 15:56:10.080,MCSLab RTT AP2,24:29:34:e1:ef:d4,-65,366,322,6054550714,true
11-2,2024-12-27 15:56:10.080,MCSLab RTT AP3,e4:5e:1b:a0:5e:85,-62,6807,590,6054550714,true
11-2,2024-12-27 15:56:10.080,MCSLab RTT AP2,24:29:34:e1:ef:d4,-65,366,322,6054550714,true
11-2,2024-12-27 15:56:10.080,MCSLab RTT AP3,e4:5e:1b:a0:5e:85,-62,6807,590,6054550714,true
11-2,2024-12-27 15:56:10.080,MCSLab RTT AP1,24:29:34:e2:4c:36,-68,5483,490,6054550714,true
11-2,2024-12-27 15:56:10.080,MCSLab RTT AP2,24:29:34:e1:ef:d4,-65,366,322,6054550714,true
11-2,2024-12-27 15:56:10.080,MCSLab RTT AP3,e4:5e:1b:a0:5e:85,-62,6807,590,6054550714,true
11-2,2024-12-27 15:56:10.080,MCSLab RTT AP1,24:29:34:e2:4c:36,-68,5483,490,6054550714,true
11-2,2024-12-27 15:56:10.080,MCSLab RTT AP3,b0:e4:d5:88:16:86,-57,2089,1434,6054550714,true
11-2,2024-12-27 15:56:10.222,MCSLab RTT AP2,24:29:34:e1:ef:d4,-65,337,328,6054550855,true
11-2,2024-12-27 15:56:10.222,MCSLab RTT AP2,24:29:34:e1:ef:d4,-65,337,328,6054550855,true
11-2,2024-12-27 15:56:10.222,MCSLab RTT AP3,e4:5e:1b:a0:5e:85,-62,6846,518,6054550855,true
11-2,2024-12-27 15:56:10.222,MCSLab RTT AP2,24:29:34:e1:ef:d4,-65,337,328,6054550855,true
11-2,2024-12-27 15:56:10.222,MCSLab RTT AP3,e4:5e:1b:a0:5e:85,-62,6846,518,6054550855,true
11-2,2024-12-27 15:56:10.222,MCSLab RTT AP1,24:29:34:e2:4c:36,-68,5444,409,6054550855,true
11-2,2024-12-27 15:56:10.222,MCSLab RTT AP2,24:29:34:e1:ef:d4,-65,337,328,6054550855,true
11-2,2024-12-27 15:56:10.222,MCSLab RTT AP3,e4:5e:1b:a0:5e:85,-62,6846,518,6054550855,true
11-2,2024-12-27 15:56:10.222,MCSLab RTT AP1,24:29:34:e2:4c:36,-68,5444,409,6054550855,true
11-2,2024-12-27 15:56:10.222,MCSLab RTT AP3,b0:e4:d5:88:16:86,-56,2547,1086,6054550855,true
11-2,2024-12-27 15:56:10.363,MCSLab RTT AP2,24:29:34:e1:ef:d4,-65,278,299,6054550993,true
11-2,2024-12-27 15:56:10.363,MCSLab RTT AP2,24:29:34:e1:ef:d4,-65,278,299,6054550993,true
11-2,2024-12-27 15:56:10.363,MCSLab RTT AP3,e4:5e:1b:a0:5e:85,-62,6748,634,6054550993,true
11-2,2024-12-27 15:56:10.363,MCSLab RTT AP2,24:29:34:e1:ef:d4,-65,278,299,6054550993,true
11-2,2024-12-27 15:56:10.363,MCSLab RTT AP3,e4:5e:1b:a0:5e:85,-62,6748,634,6054550993,true
11-2,2024-12-27 15:56:10.363,MCSLab RTT AP1,24:29:34:e2:4c:36,-68,5327,528,6054550993,true
11-2,2024-12-27 15:56:10.363,MCSLab RTT AP2,24:29:34:e1:ef:d4,-65,278,299,6054550993,true
11-2,2024-12-27 15:56:10.363,MCSLab RTT AP3,e4:5e:1b:a0:5e:85,-62,6748,634,6054550993,true
11-2,2024-12-27 15:56:10.363,MCSLab RTT AP1,24:29:34:e2:4c:36,-68,5327,528,6054550993,true
11-2,2024-12-27 15:56:10.363,MCSLab RTT AP3,b0:e4:d5:88:16:86,-63,2547,1174,6054550993,true
11-2,2024-12-27 15:56:10.505,MCSLab RTT AP2,24:29:34:e1:ef:d4,-65,337,303,6054551138,true
11-2,2024-12-27 15:56:10.505,MCSLab RTT AP2,24:29:34:e1:ef:d4,-65,337,303,6054551138,true
11-2,2024-12-27 15:56:10.505,MCSLab RTT AP3,e4:5e:1b:a0:5e:85,-62,6689,607,6054551138,true
11-2,2024-12-27 15:56:10.505,MCSLab RTT AP2,24:29:34:e1:ef:d4,-65,337,303,6054551138,true
11-2,2024-12-27 15:56:10.505,MCSLab RTT AP3,e4:5e:1b:a0:5e:85,-62,6689,607,6054551138,true
11-2,2024-12-27 15:56:10.505,MCSLab RTT AP1,24:29:34:e2:4c:36,-68,5444,420,6054551138,true
11-2,2024-12-27 15:56:10.505,MCSLab RTT AP2,24:29:34:e1:ef:d4,-65,337,303,6054551138,true
11-2,2024-12-27 15:56:10.505,MCSLab RTT AP3,e4:5e:1b:a0:5e:85,-62,6689,607,6054551138,true
11-2,2024-12-27 15:56:10.505,MCSLab RTT AP1,24:29:34:e2:4c:36,-68,5444,420,6054551138,true
11-2,2024-12-27 15:56:10.505,MCSLab RTT AP3,b0:e4:d5:88:16:86,-61,2625,1181,6054551138,true
11-2,2024-12-27 15:56:10.649,MCSLab RTT AP2,24:29:34:e1:ef:d4,-65,337,202,6054551281,true
11-2,2024-12-27 15:56:10.649,MCSLab RTT AP2,24:29:34:e1:ef:d4,-65,337,202,6054551281,true
11-2,2024-12-27 15:56:10.649,MCSLab RTT AP3,e4:5e:1b:a0:5e:85,-62,6719,625,6054551281,true
11-2,2024-12-27 15:56:10.649,MCSLab RTT AP2,24:29:34:e1:ef:d4,-65,337,202,6054551281,true
11-2,2024-12-27 15:56:10.649,MCSLab RTT AP3,e4:5e:1b:a0:5e:85,-62,6719,625,6054551281,true
11-2,2024-12-27 15:56:10.649,MCSLab RTT AP1,24:29:34:e2:4c:36,-68,5288,509,6054551281,true
11-2,2024-12-27 15:56:10.649,MCSLab RTT AP2,24:29:34:e1:ef:d4,-65,337,202,6054551281,true
11-2,2024-12-27 15:56:10.649,MCSLab RTT AP3,e4:5e:1b:a0:5e:85,-62,6719,625,6054551281,true
11-2,2024-12-27 15:56:10.649,MCSLab RTT AP1,24:29:34:e2:4c:36,-68,5288,509,6054551281,true
11-2,2024-12-27 15:56:10.649,MCSLab RTT AP3,b0:e4:d5:88:16:86,-64,2684,1097,6054551281,true
11-2,2024-12-27 15:56:10.794,MCSLab RTT AP2,24:29:34:e1:ef:d4,-65,425,311,6054551427,true
11-2,2024-12-27 15:56:10.794,MCSLab RTT AP2,24:29:34:e1:ef:d4,-65,425,311,6054551427,true
11-2,2024-12-27 15:56:10.794,MCSLab RTT AP3,e4:5e:1b:a0:5e:85,-60,6523,659,6054551427,true
11-2,2024-12-27 15:56:10.794,MCSLab RTT AP2,24:29:34:e1:ef:d4,-65,425,311,6054551427,true
11-2,2024-12-27 15:56:10.794,MCSLab RTT AP3,e4:5e:1b:a0:5e:85,-60,6523,659,6054551427,true
11-2,2024-12-27 15:56:10.794,MCSLab RTT AP1,24:29:34:e2:4c:36,-68,5561,437,6054551427,true
11-2,2024-12-27 15:56:10.794,MCSLab RTT AP2,24:29:34:e1:ef:d4,-65,425,311,6054551427,true
11-2,2024-12-27 15:56:10.794,MCSLab RTT AP3,e4:5e:1b:a0:5e:85,-60,6523,659,6054551427,true
11-2,2024-12-27 15:56:10.794,MCSLab RTT AP1,24:29:34:e2:4c:36,-68,5561,437,6054551427,true
11-2,2024-12-27 15:56:10.794,MCSLab RTT AP3,b0:e4:d5:88:16:86,-64,2664,1144,6054551427,true
11-2,2024-12-27 15:56:10.939,MCSLab RTT AP2,24:29:34:e1:ef:d4,-65,366,335,6054551572,true
11-2,2024-12-27 15:56:10.939,MCSLab RTT AP2,24:29:34:e1:ef:d4,-65,366,335,6054551572,true
11-2,2024-12-27 15:56:10.939,MCSLab RTT AP3,e4:5e:1b:a0:5e:85,-62,6807,489,6054551572,true
11-2,2024-12-27 15:56:10.939,MCSLab RTT AP2,24:29:34:e1:ef:d4,-65,366,335,6054551572,true
11-2,2024-12-27 15:56:10.939,MCSLab RTT AP3,e4:5e:1b:a0:5e:85,-62,6807,489,6054551572,true
11-2,2024-12-27 15:56:10.939,MCSLab RTT AP1,24:29:34:e2:4c:36,-68,5405,428,6054551572,true
11-2,2024-12-27 15:56:10.939,MCSLab RTT AP2,24:29:34:e1:ef:d4,-65,366,335,6054551572,true
11-2,2024-12-27 15:56:10.939,MCSLab RTT AP3,e4:5e:1b:a0:5e:85,-62,6807,489,6054551572,true
11-2,2024-12-27 15:56:10.939,MCSLab RTT AP1,24:29:34:e2:4c:36,-68,5405,428,6054551572,true
11-2,2024-12-27 15:56:10.939,MCSLab RTT AP3,b0:e4:d5:88:16:86,-64,2743,1120,6054551572,true
11-2,2024-12-27 15:56:11.086,MCSLab RTT AP2,24:29:34:e1:ef:d4,-65,483,233,6054551719,true
11-2,2024-12-27 15:56:11.086,MCSLab RTT AP2,24:29:34:e1:ef:d4,-65,483,233,6054551719,true
11-2,2024-12-27 15:56:11.086,MCSLab RTT AP3,e4:5e:1b:a0:5e:85,-62,6455,229,6054551719,true
11-2,2024-12-27 15:56:11.086,MCSLab RTT AP2,24:29:34:e1:ef:d4,-65,483,233,6054551719,true
11-2,2024-12-27 15:56:11.086,MCSLab RTT AP3,e4:5e:1b:a0:5e:85,-62,6455,229,6054551719,true
11-2,2024-12-27 15:56:11.086,MCSLab RTT AP1,24:29:34:e2:4c:36,-68,5444,375,6054551719,true
11-2,2024-12-27 15:56:11.086,MCSLab RTT AP2,24:29:34:e1:ef:d4,-65,483,233,6054551719,true
11-2,2024-12-27 15:56:11.086,MCSLab RTT AP3,e4:5e:1b:a0:5e:85,-62,6455,229,6054551719,true
11-2,2024-12-27 15:56:11.086,MCSLab RTT AP1,24:29:34:e2:4c:36,-68,5444,375,6054551719,true
11-2,2024-12-27 15:56:11.086,MCSLab RTT AP3,b0:e4:d5:88:16:86,-64,2704,1104,6054551719,true
11-2,2024-12-27 15:56:11.236,MCSLab RTT AP2,24:29:34:e1:ef:d4,-65,454,328,6054551867,true
11-2,2024-12-27 15:56:11.236,MCSLab RTT AP2,24:29:34:e1:ef:d4,-65,454,328,6054551867,true
11-2,2024-12-27 15:56:11.236,MCSLab RTT AP3,e4:5e:1b:a0:5e:85,-62,6689,369,6054551867,true
11-2,2024-12-27 15:56:11.236,MCSLab RTT AP2,24:29:34:e1:ef:d4,-65,454,328,6054551867,true
11-2,2024-12-27 15:56:11.236,MCSLab RTT AP3,e4:5e:1b:a0:5e:85,-62,6689,369,6054551867,true
11-2,2024-12-27 15:56:11.236,MCSLab RTT AP1,24:29:34:e2:4c:36,-68,5600,349,6054551867,true
11-2,2024-12-27 15:56:11.236,MCSLab RTT AP2,24:29:34:e1:ef:d4,-65,454,328,6054551867,true
11-2,2024-12-27 15:56:11.236,MCSLab RTT AP3,e4:5e:1b:a0:5e:85,-62,6689,369,6054551867,true
11-2,2024-12-27 15:56:11.236,MCSLab RTT AP1,24:29:34:e2:4c:36,-68,5600,349,6054551867,true
11-2,2024-12-27 15:56:11.236,MCSLab RTT AP3,b0:e4:d5:88:16:86,-64,2664,1156,6054551867,true
11-2,2024-12-27 15:56:11.378,MCSLab RTT AP2,24:29:34:e1:ef:d4,-65,395,206,6054552012,true
11-2,2024-12-27 15:56:11.378,MCSLab RTT AP2,24:29:34:e1:ef:d4,-65,395,206,6054552012,true
11-2,2024-12-27 15:56:11.378,MCSLab RTT AP3,e4:5e:1b:a0:5e:85,-63,6719,446,6054552012,true
11-2,2024-12-27 15:56:11.378,MCSLab RTT AP2,24:29:34:e1:ef:d4,-65,395,206,6054552012,true
11-2,2024-12-27 15:56:11.378,MCSLab RTT AP3,e4:5e:1b:a0:5e:85,-63,6719,446,6054552012,true
11-2,2024-12-27 15:56:11.378,MCSLab RTT AP1,24:29:34:e2:4c:36,-68,5249,471,6054552012,true
11-2,2024-12-27 15:56:11.378,MCSLab RTT AP2,24:29:34:e1:ef:d4,-65,395,206,6054552012,true
11-2,2024-12-27 15:56:11.378,MCSLab RTT AP3,e4:5e:1b:a0:5e:85,-63,6719,446,6054552012,true
11-2,2024-12-27 15:56:11.378,MCSLab RTT AP1,24:29:34:e2:4c:36,-68,5249,471,6054552012,true
11-2,2024-12-27 15:56:11.378,MCSLab RTT AP3,b0:e4:d5:88:16:86,-64,2586,1167,6054552012,true
11-2,2024-12-27 15:56:11.522,MCSLab RTT AP2,24:29:34:e1:ef:d4,-65,571,123,6054552154,true
11-2,2024-12-27 15:56:11.522,MCSLab RTT AP2,24:29:34:e1:ef:d4,-65,571,123,6054552154,true
11-2,2024-12-27 15:56:11.522,MCSLab RTT AP3,e4:5e:1b:a0:5e:85,-61,6748,427,6054552154,true
11-2,2024-12-27 15:56:11.522,MCSLab RTT AP2,24:29:34:e1:ef:d4,-65,571,123,6054552154,true
11-2,2024-12-27 15:56:11.522,MCSLab RTT AP3,e4:5e:1b:a0:5e:85,-61,6748,427,6054552154,true
11-2,2024-12-27 15:56:11.522,MCSLab RTT AP1,24:29:34:e2:4c:36,-69,5483,344,6054552154,true
11-2,2024-12-27 15:56:11.522,MCSLab RTT AP2,24:29:34:e1:ef:d4,-65,571,123,6054552154,true
11-2,2024-12-27 15:56:11.522,MCSLab RTT AP3,e4:5e:1b:a0:5e:85,-61,6748,427,6054552154,true
11-2,2024-12-27 15:56:11.522,MCSLab RTT AP1,24:29:34:e2:4c:36,-69,5483,344,6054552154,true
11-2,2024-12-27 15:56:11.522,MCSLab RTT AP3,b0:e4:d5:88:16:86,-64,2508,1147,6054552153,true
11-2,2024-12-27 15:56:11.665,MCSLab RTT AP2,24:29:34:e1:ef:d4,-65,483,256,6054552299,true
11-2,2024-12-27 15:56:11.665,MCSLab RTT AP2,24:29:34:e1:ef:d4,-65,483,256,6054552299,true
11-2,2024-12-27 15:56:11.665,MCSLab RTT AP3,e4:5e:1b:a0:5e:85,-63,6601,336,6054552299,true
11-2,2024-12-27 15:56:11.665,MCSLab RTT AP2,24:29:34:e1:ef:d4,-65,483,256,6054552299,true
11-2,2024-12-27 15:56:11.665,MCSLab RTT AP3,e4:5e:1b:a0:5e:85,-63,6601,336,6054552299,true
11-2,2024-12-27 15:56:11.665,MCSLab RTT AP1,24:29:34:e2:4c:36,-62,5400,546,6054552299,true
11-2,2024-12-27 15:56:11.665,MCSLab RTT AP2,24:29:34:e1:ef:d4,-65,483,256,6054552299,true
11-2,2024-12-27 15:56:11.665,MCSLab RTT AP3,e4:5e:1b:a0:5e:85,-63,6601,336,6054552299,true
11-2,2024-12-27 15:56:11.665,MCSLab RTT AP1,24:29:34:e2:4c:36,-62,5400,546,6054552299,true
11-2,2024-12-27 15:56:11.665,MCSLab RTT AP3,b0:e4:d5:88:16:86,-64,2703,1102,6054552299,true
11-2,2024-12-27 15:56:11.810,MCSLab RTT AP2,24:29:34:e1:ef:d4,-65,483,273,6054552444,true
11-2,2024-12-27 15:56:11.810,MCSLab RTT AP2,24:29:34:e1:ef:d4,-65,483,273,6054552444,true
11-2,2024-12-27 15:56:11.810,MCSLab RTT AP3,e4:5e:1b:a0:5e:85,-62,6631,501,6054552444,true
11-2,2024-12-27 15:56:11.810,MCSLab RTT AP2,24:29:34:e1:ef:d4,-65,483,273,6054552444,true
11-2,2024-12-27 15:56:11.810,MCSLab RTT AP3,e4:5e:1b:a0:5e:85,-62,6631,501,6054552444,true
11-2,2024-12-27 15:56:11.810,MCSLab RTT AP1,24:29:34:e2:4c:36,-68,5444,373,6054552444,true
11-2,2024-12-27 15:56:11.810,MCSLab RTT AP2,24:29:34:e1:ef:d4,-65,483,273,6054552444,true
11-2,2024-12-27 15:56:11.810,MCSLab RTT AP3,e4:5e:1b:a0:5e:85,-62,6631,501,6054552444,true
11-2,2024-12-27 15:56:11.810,MCSLab RTT AP1,24:29:34:e2:4c:36,-68,5444,373,6054552444,true
11-2,2024-12-27 15:56:11.810,MCSLab RTT AP3,b0:e4:d5:88:16:86,-58,2430,1186,6054552444,true
11-2,2024-12-27 15:56:11.955,MCSLab RTT AP2,24:29:34:e1:ef:d4,-65,395,291,6054552587,true
11-2,2024-12-27 15:56:11.955,MCSLab RTT AP2,24:29:34:e1:ef:d4,-65,395,291,6054552587,true
11-2,2024-12-27 15:56:11.955,MCSLab RTT AP3,e4:5e:1b:a0:5e:85,-62,6836,477,6054552587,true
11-2,2024-12-27 15:56:11.955,MCSLab RTT AP2,24:29:34:e1:ef:d4,-65,395,291,6054552587,true
11-2,2024-12-27 15:56:11.955,MCSLab RTT AP3,e4:5e:1b:a0:5e:85,-62,6836,477,6054552587,true
11-2,2024-12-27 15:56:11.955,MCSLab RTT AP1,24:29:34:e2:4c:36,-68,5327,548,6054552587,true
11-2,2024-12-27 15:56:11.955,MCSLab RTT AP2,24:29:34:e1:ef:d4,-65,395,291,6054552587,true
11-2,2024-12-27 15:56:11.955,MCSLab RTT AP3,e4:5e:1b:a0:5e:85,-62,6836,477,6054552587,true
11-2,2024-12-27 15:56:11.955,MCSLab RTT AP1,24:29:34:e2:4c:36,-68,5327,548,6054552587,true
11-2,2024-12-27 15:56:11.955,MCSLab RTT AP3,b0:e4:d5:88:16:86,-64,2586,1138,6054552587,true
11-2,2024-12-27 15:56:12.084,MCSLab RTT AP2,24:29:34:e1:ef:d4,-65,425,311,6054552718,true
11-2,2024-12-27 15:56:12.084,MCSLab RTT AP2,24:29:34:e1:ef:d4,-65,425,311,6054552718,true
11-2,2024-12-27 15:56:12.084,MCSLab RTT AP3,e4:5e:1b:a0:5e:85,-61,6719,492,6054552717,true
11-2,2024-12-27 15:56:12.084,MCSLab RTT AP2,24:29:34:e1:ef:d4,-65,425,311,6054552718,true
11-2,2024-12-27 15:56:12.084,MCSLab RTT AP3,e4:5e:1b:a0:5e:85,-61,6719,492,6054552717,true
11-2,2024-12-27 15:56:12.084,MCSLab RTT AP1,24:29:34:e2:4c:36,-68,5327,433,6054552717,true
11-2,2024-12-27 15:56:12.084,MCSLab RTT AP2,24:29:34:e1:ef:d4,-65,425,311,6054552718,true
11-2,2024-12-27 15:56:12.084,MCSLab RTT AP3,e4:5e:1b:a0:5e:85,-61,6719,492,6054552717,true
11-2,2024-12-27 15:56:12.084,MCSLab RTT AP1,24:29:34:e2:4c:36,-68,5327,433,6054552717,true
11-2,2024-12-27 15:56:12.084,MCSLab RTT AP3,b0:e4:d5:88:16:86,-60,2433,1322,6054552717,true
11-2,2024-12-27 15:56:12.226,MCSLab RTT AP2,24:29:34:e1:ef:d4,-65,249,289,6054552859,true
11-2,2024-12-27 15:56:12.226,MCSLab RTT AP2,24:29:34:e1:ef:d4,-65,249,289,6054552859,true
11-2,2024-12-27 15:56:12.226,MCSLab RTT AP3,e4:5e:1b:a0:5e:85,-62,6748,539,6054552859,true
11-2,2024-12-27 15:56:12.226,MCSLab RTT AP2,24:29:34:e1:ef:d4,-65,249,289,6054552859,true
11-2,2024-12-27 15:56:12.226,MCSLab RTT AP3,e4:5e:1b:a0:5e:85,-62,6748,539,6054552859,true
11-2,2024-12-27 15:56:12.226,MCSLab RTT AP1,24:29:34:e2:4c:36,-69,5171,628,6054552859,true
11-2,2024-12-27 15:56:12.226,MCSLab RTT AP2,24:29:34:e1:ef:d4,-65,249,289,6054552859,true
11-2,2024-12-27 15:56:12.226,MCSLab RTT AP3,e4:5e:1b:a0:5e:85,-62,6748,539,6054552859,true
11-2,2024-12-27 15:56:12.226,MCSLab RTT AP1,24:29:34:e2:4c:36,-69,5171,628,6054552859,true
11-2,2024-12-27 15:56:12.226,MCSLab RTT AP3,b0:e4:d5:88:16:86,-63,2508,1075,6054552859,true
11-2,2024-12-27 15:56:12.372,MCSLab RTT AP2,24:29:34:e1:ef:d4,-64,249,311,6054553004,true
11-2,2024-12-27 15:56:12.372,MCSLab RTT AP2,24:29:34:e1:ef:d4,-64,249,311,6054553004,true
11-2,2024-12-27 15:56:12.372,MCSLab RTT AP3,e4:5e:1b:a0:5e:85,-62,6660,535,6054553004,true
11-2,2024-12-27 15:56:12.372,MCSLab RTT AP2,24:29:34:e1:ef:d4,-64,249,311,6054553004,true
11-2,2024-12-27 15:56:12.372,MCSLab RTT AP3,e4:5e:1b:a0:5e:85,-62,6660,535,6054553004,true
11-2,2024-12-27 15:56:12.372,MCSLab RTT AP1,24:29:34:e2:4c:36,-68,5366,476,6054553004,true
11-2,2024-12-27 15:56:12.372,MCSLab RTT AP2,24:29:34:e1:ef:d4,-64,249,311,6054553004,true
11-2,2024-12-27 15:56:12.372,MCSLab RTT AP3,e4:5e:1b:a0:5e:85,-62,6660,535,6054553004,true
11-2,2024-12-27 15:56:12.372,MCSLab RTT AP1,24:29:34:e2:4c:36,-68,5366,476,6054553004,true
11-2,2024-12-27 15:56:12.372,MCSLab RTT AP3,b0:e4:d5:88:16:86,-63,2703,1171,6054553004,true
11-2,2024-12-27 15:56:12.521,MCSLab RTT AP2,24:29:34:e1:ef:d4,-64,249,261,6054553153,true
11-2,2024-12-27 15:56:12.521,MCSLab RTT AP2,24:29:34:e1:ef:d4,-64,249,261,6054553153,true
11-2,2024-12-27 15:56:12.521,MCSLab RTT AP3,e4:5e:1b:a0:5e:85,-62,6895,381,6054553153,true
11-2,2024-12-27 15:56:12.521,MCSLab RTT AP2,24:29:34:e1:ef:d4,-64,249,261,6054553153,true
11-2,2024-12-27 15:56:12.521,MCSLab RTT AP3,e4:5e:1b:a0:5e:85,-62,6895,381,6054553153,true
11-2,2024-12-27 15:56:12.521,MCSLab RTT AP1,24:29:34:e2:4c:36,-68,5249,607,6054553153,true
11-2,2024-12-27 15:56:12.521,MCSLab RTT AP2,24:29:34:e1:ef:d4,-64,249,261,6054553153,true
11-2,2024-12-27 15:56:12.521,MCSLab RTT AP3,e4:5e:1b:a0:5e:85,-62,6895,381,6054553153,true
11-2,2024-12-27 15:56:12.521,MCSLab RTT AP1,24:29:34:e2:4c:36,-68,5249,607,6054553153,true
11-2,2024-12-27 15:56:12.521,MCSLab RTT AP3,b0:e4:d5:88:16:86,-63,2625,1191,6054553153,true
11-2,2024-12-27 15:56:12.676,MCSLab RTT AP2,24:29:34:e1:ef:d4,-64,307,248,6054553307,true
11-2,2024-12-27 15:56:12.676,MCSLab RTT AP2,24:29:34:e1:ef:d4,-64,307,248,6054553307,true
11-2,2024-12-27 15:56:12.676,MCSLab RTT AP3,e4:5e:1b:a0:5e:85,-62,6689,581,6054553307,true
11-2,2024-12-27 15:56:12.676,MCSLab RTT AP2,24:29:34:e1:ef:d4,-64,307,248,6054553307,true
11-2,2024-12-27 15:56:12.676,MCSLab RTT AP3,e4:5e:1b:a0:5e:85,-62,6689,581,6054553307,true
11-2,2024-12-27 15:56:12.676,MCSLab RTT AP1,24:29:34:e2:4c:36,-68,5366,519,6054553307,true
11-2,2024-12-27 15:56:12.676,MCSLab RTT AP2,24:29:34:e1:ef:d4,-64,307,248,6054553307,true
11-2,2024-12-27 15:56:12.676,MCSLab RTT AP3,e4:5e:1b:a0:5e:85,-62,6689,581,6054553307,true
11-2,2024-12-27 15:56:12.676,MCSLab RTT AP1,24:29:34:e2:4c:36,-68,5366,519,6054553307,true
11-2,2024-12-27 15:56:12.676,MCSLab RTT AP3,b0:e4:d5:88:16:86,-59,2664,1165,6054553307,true
11-2,2024-12-27 15:56:12.823,MCSLab RTT AP2,24:29:34:e1:ef:d4,-65,307,256,6054553455,true
11-2,2024-12-27 15:56:12.823,MCSLab RTT AP2,24:29:34:e1:ef:d4,-65,307,256,6054553455,true
11-2,2024-12-27 15:56:12.823,MCSLab RTT AP3,e4:5e:1b:a0:5e:85,-62,6748,539,6054553455,true
11-2,2024-12-27 15:56:12.823,MCSLab RTT AP2,24:29:34:e1:ef:d4,-65,307,256,6054553455,true
11-2,2024-12-27 15:56:12.823,MCSLab RTT AP3,e4:5e:1b:a0:5e:85,-62,6748,539,6054553455,true
11-2,2024-12-27 15:56:12.823,MCSLab RTT AP1,24:29:34:e2:4c:36,-69,5522,414,6054553455,true
11-2,2024-12-27 15:56:12.823,MCSLab RTT AP2,24:29:34:e1:ef:d4,-65,307,256,6054553455,true
11-2,2024-12-27 15:56:12.823,MCSLab RTT AP3,e4:5e:1b:a0:5e:85,-62,6748,539,6054553455,true
11-2,2024-12-27 15:56:12.823,MCSLab RTT AP1,24:29:34:e2:4c:36,-69,5522,414,6054553455,true
11-2,2024-12-27 15:56:12.823,MCSLab RTT AP3,b0:e4:d5:88:16:86,-64,2508,1192,6054553455,true
11-2,2024-12-27 15:56:12.961,MCSLab RTT AP2,24:29:34:e1:ef:d4,-64,337,305,6054553595,true
11-2,2024-12-27 15:56:12.961,MCSLab RTT AP2,24:29:34:e1:ef:d4,-64,337,305,6054553595,true
11-2,2024-12-27 15:56:12.961,MCSLab RTT AP3,e4:5e:1b:a0:5e:85,-62,6719,667,6054553594,true
11-2,2024-12-27 15:56:12.961,MCSLab RTT AP2,24:29:34:e1:ef:d4,-64,337,305,6054553595,true
11-2,2024-12-27 15:56:12.961,MCSLab RTT AP3,e4:5e:1b:a0:5e:85,-62,6719,667,6054553594,true
11-2,2024-12-27 15:56:12.961,MCSLab RTT AP1,24:29:34:e2:4c:36,-69,5288,538,6054553595,true
11-2,2024-12-27 15:56:12.961,MCSLab RTT AP2,24:29:34:e1:ef:d4,-64,337,305,6054553595,true
11-2,2024-12-27 15:56:12.961,MCSLab RTT AP3,e4:5e:1b:a0:5e:85,-62,6719,667,6054553594,true
11-2,2024-12-27 15:56:12.961,MCSLab RTT AP1,24:29:34:e2:4c:36,-69,5288,538,6054553595,true
11-2,2024-12-27 15:56:12.961,MCSLab RTT AP3,b0:e4:d5:88:16:86,-63,2430,1217,6054553594,true
11-2,2024-12-27 15:56:13.100,MCSLab RTT AP2,24:29:34:e1:ef:d4,-64,307,367,6054553734,true
11-2,2024-12-27 15:56:13.100,MCSLab RTT AP2,24:29:34:e1:ef:d4,-64,307,367,6054553734,true
11-2,2024-12-27 15:56:13.100,MCSLab RTT AP3,e4:5e:1b:a0:5e:85,-62,6895,475,6054553734,true
11-2,2024-12-27 15:56:13.100,MCSLab RTT AP2,24:29:34:e1:ef:d4,-64,307,367,6054553734,true
11-2,2024-12-27 15:56:13.100,MCSLab RTT AP3,e4:5e:1b:a0:5e:85,-62,6895,475,6054553734,true
11-2,2024-12-27 15:56:13.100,MCSLab RTT AP1,24:29:34:e2:4c:36,-68,5288,468,6054553734,true
11-2,2024-12-27 15:56:13.100,MCSLab RTT AP2,24:29:34:e1:ef:d4,-64,307,367,6054553734,true
11-2,2024-12-27 15:56:13.100,MCSLab RTT AP3,e4:5e:1b:a0:5e:85,-62,6895,475,6054553734,true
11-2,2024-12-27 15:56:13.100,MCSLab RTT AP1,24:29:34:e2:4c:36,-68,5288,468,6054553734,true
11-2,2024-12-27 15:56:13.100,MCSLab RTT AP3,b0:e4:d5:88:16:86,-63,2508,1153,6054553734,true
11-2,2024-12-27 15:56:13.245,MCSLab RTT AP2,24:29:34:e1:ef:d4,-64,366,273,6054553877,true
11-2,2024-12-27 15:56:13.245,MCSLab RTT AP2,24:29:34:e1:ef:d4,-64,366,273,6054553877,true
11-2,2024-12-27 15:56:13.245,MCSLab RTT AP3,e4:5e:1b:a0:5e:85,-62,6836,521,6054553877,true
11-2,2024-12-27 15:56:13.245,MCSLab RTT AP2,24:29:34:e1:ef:d4,-64,366,273,6054553877,true
11-2,2024-12-27 15:56:13.245,MCSLab RTT AP3,e4:5e:1b:a0:5e:85,-62,6836,521,6054553877,true
11-2,2024-12-27 15:56:13.245,MCSLab RTT AP1,24:29:34:e2:4c:36,-69,5522,394,6054553877,true
11-2,2024-12-27 15:56:13.245,MCSLab RTT AP2,24:29:34:e1:ef:d4,-64,366,273,6054553877,true
11-2,2024-12-27 15:56:13.245,MCSLab RTT AP3,e4:5e:1b:a0:5e:85,-62,6836,521,6054553877,true
11-2,2024-12-27 15:56:13.245,MCSLab RTT AP1,24:29:34:e2:4c:36,-69,5522,394,6054553877,true
11-2,2024-12-27 15:56:13.245,MCSLab RTT AP3,b0:e4:d5:88:16:86,-63,2508,1135,6054553877,true
11-2,2024-12-27 15:56:13.383,MCSLab RTT AP2,24:29:34:e1:ef:d4,-64,278,414,6054554017,true
11-2,2024-12-27 15:56:13.383,MCSLab RTT AP2,24:29:34:e1:ef:d4,-64,278,414,6054554017,true
11-2,2024-12-27 15:56:13.383,MCSLab RTT AP3,e4:5e:1b:a0:5e:85,-62,6807,607,6054554017,true
11-2,2024-12-27 15:56:13.383,MCSLab RTT AP2,24:29:34:e1:ef:d4,-64,278,414,6054554017,true
11-2,2024-12-27 15:56:13.383,MCSLab RTT AP3,e4:5e:1b:a0:5e:85,-62,6807,607,6054554017,true
11-2,2024-12-27 15:56:13.383,MCSLab RTT AP1,24:29:34:e2:4c:36,-68,5483,459,6054554017,true
11-2,2024-12-27 15:56:13.383,MCSLab RTT AP2,24:29:34:e1:ef:d4,-64,278,414,6054554017,true
11-2,2024-12-27 15:56:13.383,MCSLab RTT AP3,e4:5e:1b:a0:5e:85,-62,6807,607,6054554017,true
11-2,2024-12-27 15:56:13.383,MCSLab RTT AP1,24:29:34:e2:4c:36,-68,5483,459,6054554017,true
11-2,2024-12-27 15:56:13.383,MCSLab RTT AP3,b0:e4:d5:88:16:86,-63,2625,1163,6054554017,true
11-2,2024-12-27 15:56:13.519,MCSLab RTT AP2,24:29:34:e1:ef:d4,-64,307,256,6054554153,true
11-2,2024-12-27 15:56:13.519,MCSLab RTT AP2,24:29:34:e1:ef:d4,-64,307,256,6054554153,true
11-2,2024-12-27 15:56:13.519,MCSLab RTT AP3,e4:5e:1b:a0:5e:85,-62,6748,587,6054554153,true
11-2,2024-12-27 15:56:13.519,MCSLab RTT AP2,24:29:34:e1:ef:d4,-64,307,256,6054554153,true
11-2,2024-12-27 15:56:13.519,MCSLab RTT AP3,e4:5e:1b:a0:5e:85,-62,6748,587,6054554153,true
11-2,2024-12-27 15:56:13.519,MCSLab RTT AP1,24:29:34:e2:4c:36,-68,5366,400,6054554153,true
11-2,2024-12-27 15:56:13.519,MCSLab RTT AP2,24:29:34:e1:ef:d4,-64,307,256,6054554153,true
11-2,2024-12-27 15:56:13.519,MCSLab RTT AP3,e4:5e:1b:a0:5e:85,-62,6748,587,6054554153,true
11-2,2024-12-27 15:56:13.519,MCSLab RTT AP1,24:29:34:e2:4c:36,-68,5366,400,6054554153,true
11-2,2024-12-27 15:56:13.519,MCSLab RTT AP3,b0:e4:d5:88:16:86,-63,2586,1097,6054554152,true
11-2,2024-12-27 15:56:13.662,MCSLab RTT AP2,24:29:34:e1:ef:d4,-64,190,400,6054554294,true
11-2,2024-12-27 15:56:13.662,MCSLab RTT AP2,24:29:34:e1:ef:d4,-64,190,400,6054554294,true
11-2,2024-12-27 15:56:13.662,MCSLab RTT AP3,e4:5e:1b:a0:5e:85,-60,6728,572,6054554294,true
11-2,2024-12-27 15:56:13.662,MCSLab RTT AP2,24:29:34:e1:ef:d4,-64,190,400,6054554294,true
11-2,2024-12-27 15:56:13.662,MCSLab RTT AP3,e4:5e:1b:a0:5e:85,-60,6728,572,6054554294,true
11-2,2024-12-27 15:56:13.662,MCSLab RTT AP1,24:29:34:e2:4c:36,-68,5327,425,6054554294,true
11-2,2024-12-27 15:56:13.662,MCSLab RTT AP2,24:29:34:e1:ef:d4,-64,190,400,6054554294,true
11-2,2024-12-27 15:56:13.662,MCSLab RTT AP3,e4:5e:1b:a0:5e:85,-60,6728,572,6054554294,true
11-2,2024-12-27 15:56:13.662,MCSLab RTT AP1,24:29:34:e2:4c:36,-68,5327,425,6054554294,true
11-2,2024-12-27 15:56:13.662,MCSLab RTT AP3,b0:e4:d5:88:16:86,-63,2508,1180,6054554293,true
11-2,2024-12-27 15:56:13.800,MCSLab RTT AP2,24:29:34:e1:ef:d4,-65,249,293,6054554433,true
11-2,2024-12-27 15:56:13.800,MCSLab RTT AP2,24:29:34:e1:ef:d4,-65,249,293,6054554433,true
11-2,2024-12-27 15:56:13.800,MCSLab RTT AP3,e4:5e:1b:a0:5e:85,-61,6494,729,6054554433,true
11-2,2024-12-27 15:56:13.800,MCSLab RTT AP2,24:29:34:e1:ef:d4,-65,249,293,6054554433,true
11-2,2024-12-27 15:56:13.800,MCSLab RTT AP3,e4:5e:1b:a0:5e:85,-61,6494,729,6054554433,true
11-2,2024-12-27 15:56:13.800,MCSLab RTT AP1,24:29:34:e2:4c:36,-69,5405,427,6054554433,true
11-2,2024-12-27 15:56:13.800,MCSLab RTT AP2,24:29:34:e1:ef:d4,-65,249,293,6054554433,true
11-2,2024-12-27 15:56:13.800,MCSLab RTT AP3,e4:5e:1b:a0:5e:85,-61,6494,729,6054554433,true
11-2,2024-12-27 15:56:13.800,MCSLab RTT AP1,24:29:34:e2:4c:36,-69,5405,427,6054554433,true
11-2,2024-12-27 15:56:13.800,MCSLab RTT AP3,b0:e4:d5:88:16:86,-63,2547,1127,6054554433,true
11-2,2024-12-27 15:56:13.937,MCSLab RTT AP2,24:29:34:e1:ef:d4,-65,454,240,6054554570,true
11-2,2024-12-27 15:56:13.937,MCSLab RTT AP2,24:29:34:e1:ef:d4,-65,454,240,6054554570,true
11-2,2024-12-27 15:56:13.937,MCSLab RTT AP3,e4:5e:1b:a0:5e:85,-62,6719,574,6054554570,true
11-2,2024-12-27 15:56:13.937,MCSLab RTT AP2,24:29:34:e1:ef:d4,-65,454,240,6054554570,true
11-2,2024-12-27 15:56:13.937,MCSLab RTT AP3,e4:5e:1b:a0:5e:85,-62,6719,574,6054554570,true
11-2,2024-12-27 15:56:13.937,MCSLab RTT AP1,24:29:34:e2:4c:36,-68,5327,521,6054554570,true
11-2,2024-12-27 15:56:13.937,MCSLab RTT AP2,24:29:34:e1:ef:d4,-65,454,240,6054554570,true
11-2,2024-12-27 15:56:13.937,MCSLab RTT AP3,e4:5e:1b:a0:5e:85,-62,6719,574,6054554570,true
11-2,2024-12-27 15:56:13.937,MCSLab RTT AP1,24:29:34:e2:4c:36,-68,5327,521,6054554570,true
11-2,2024-12-27 15:56:13.937,MCSLab RTT AP3,b0:e4:d5:88:16:86,-63,2469,1214,6054554570,true
11-2,2024-12-27 15:56:14.077,MCSLab RTT AP2,24:29:34:e1:ef:d4,-64,483,224,6054554712,true
11-2,2024-12-27 15:56:14.077,MCSLab RTT AP2,24:29:34:e1:ef:d4,-64,483,224,6054554712,true
11-2,2024-12-27 15:56:14.077,MCSLab RTT AP3,e4:5e:1b:a0:5e:85,-62,6777,592,6054554712,true
11-2,2024-12-27 15:56:14.077,MCSLab RTT AP2,24:29:34:e1:ef:d4,-64,483,224,6054554712,true
11-2,2024-12-27 15:56:14.077,MCSLab RTT AP3,e4:5e:1b:a0:5e:85,-62,6777,592,6054554712,true
11-2,2024-12-27 15:56:14.077,MCSLab RTT AP1,24:29:34:e2:4c:36,-68,5171,566,6054554712,true
11-2,2024-12-27 15:56:14.077,MCSLab RTT AP2,24:29:34:e1:ef:d4,-64,483,224,6054554712,true
11-2,2024-12-27 15:56:14.077,MCSLab RTT AP3,e4:5e:1b:a0:5e:85,-62,6777,592,6054554712,true
11-2,2024-12-27 15:56:14.077,MCSLab RTT AP1,24:29:34:e2:4c:36,-68,5171,566,6054554712,true
11-2,2024-12-27 15:56:14.077,MCSLab RTT AP3,b0:e4:d5:88:16:86,-61,2508,1216,6054554712,true
11-2,2024-12-27 15:56:14.218,MCSLab RTT AP2,24:29:34:e1:ef:d4,-65,454,89,6054554853,true
11-2,2024-12-27 15:56:14.218,MCSLab RTT AP2,24:29:34:e1:ef:d4,-65,454,89,6054554853,true
11-2,2024-12-27 15:56:14.218,MCSLab RTT AP3,e4:5e:1b:a0:5e:85,-62,6719,619,6054554852,true
11-2,2024-12-27 15:56:14.218,MCSLab RTT AP2,24:29:34:e1:ef:d4,-65,454,89,6054554853,true
11-2,2024-12-27 15:56:14.218,MCSLab RTT AP3,e4:5e:1b:a0:5e:85,-62,6719,619,6054554852,true
11-2,2024-12-27 15:56:14.218,MCSLab RTT AP1,24:29:34:e2:4c:36,-62,5171,541,6054554853,true
11-2,2024-12-27 15:56:14.218,MCSLab RTT AP2,24:29:34:e1:ef:d4,-65,454,89,6054554853,true
11-2,2024-12-27 15:56:14.218,MCSLab RTT AP3,e4:5e:1b:a0:5e:85,-62,6719,619,6054554852,true
11-2,2024-12-27 15:56:14.218,MCSLab RTT AP1,24:29:34:e2:4c:36,-62,5171,541,6054554853,true
11-2,2024-12-27 15:56:14.218,MCSLab RTT AP3,b0:e4:d5:88:16:86,-63,2625,1161,6054554852,true
11-2,2024-12-27 15:56:14.360,MCSLab RTT AP2,24:29:34:e1:ef:d4,-65,454,181,6054554993,true
11-2,2024-12-27 15:56:14.360,MCSLab RTT AP2,24:29:34:e1:ef:d4,-65,454,181,6054554993,true
11-2,2024-12-27 15:56:14.360,MCSLab RTT AP3,e4:5e:1b:a0:5e:85,-62,6807,533,6054554993,true
11-2,2024-12-27 15:56:14.360,MCSLab RTT AP2,24:29:34:e1:ef:d4,-65,454,181,6054554993,true
11-2,2024-12-27 15:56:14.360,MCSLab RTT AP3,e4:5e:1b:a0:5e:85,-62,6807,533,6054554993,true
11-2,2024-12-27 15:56:14.360,MCSLab RTT AP1,24:29:34:e2:4c:36,-69,5405,385,6054554993,true
11-2,2024-12-27 15:56:14.360,MCSLab RTT AP2,24:29:34:e1:ef:d4,-65,454,181,6054554993,true
11-2,2024-12-27 15:56:14.360,MCSLab RTT AP3,e4:5e:1b:a0:5e:85,-62,6807,533,6054554993,true
11-2,2024-12-27 15:56:14.360,MCSLab RTT AP1,24:29:34:e2:4c:36,-69,5405,385,6054554993,true
11-2,2024-12-27 15:56:14.360,MCSLab RTT AP3,b0:e4:d5:88:16:86,-63,2742,1091,6054554993,true
11-2,2024-12-27 15:56:14.507,MCSLab RTT AP2,24:29:34:e1:ef:d4,-65,571,221,6054555141,true
11-2,2024-12-27 15:56:14.507,MCSLab RTT AP2,24:29:34:e1:ef:d4,-65,571,221,6054555141,true
11-2,2024-12-27 15:56:14.507,MCSLab RTT AP3,e4:5e:1b:a0:5e:85,-62,6719,638,6054555140,true
11-2,2024-12-27 15:56:14.507,MCSLab RTT AP2,24:29:34:e1:ef:d4,-65,571,221,6054555141,true
11-2,2024-12-27 15:56:14.507,MCSLab RTT AP3,e4:5e:1b:a0:5e:85,-62,6719,638,6054555140,true
11-2,2024-12-27 15:56:14.507,MCSLab RTT AP1,24:29:34:e2:4c:36,-69,5483,419,6054555140,true
11-2,2024-12-27 15:56:14.507,MCSLab RTT AP2,24:29:34:e1:ef:d4,-65,571,221,6054555141,true
11-2,2024-12-27 15:56:14.507,MCSLab RTT AP3,e4:5e:1b:a0:5e:85,-62,6719,638,6054555140,true
11-2,2024-12-27 15:56:14.507,MCSLab RTT AP1,24:29:34:e2:4c:36,-69,5483,419,6054555140,true
11-2,2024-12-27 15:56:14.507,MCSLab RTT AP3,b0:e4:d5:88:16:86,-63,2586,1143,6054555140,true
11-2,2024-12-27 15:56:14.649,MCSLab RTT AP2,24:29:34:e1:ef:d4,-65,454,198,6054555282,true
11-2,2024-12-27 15:56:14.649,MCSLab RTT AP2,24:29:34:e1:ef:d4,-65,454,198,6054555282,true
11-2,2024-12-27 15:56:14.649,MCSLab RTT AP3,e4:5e:1b:a0:5e:85,-62,6719,616,6054555282,true
11-2,2024-12-27 15:56:14.649,MCSLab RTT AP2,24:29:34:e1:ef:d4,-65,454,198,6054555282,true
11-2,2024-12-27 15:56:14.649,MCSLab RTT AP3,e4:5e:1b:a0:5e:85,-62,6719,616,6054555282,true
11-2,2024-12-27 15:56:14.649,MCSLab RTT AP1,24:29:34:e2:4c:36,-68,5327,539,6054555282,true
11-2,2024-12-27 15:56:14.649,MCSLab RTT AP2,24:29:34:e1:ef:d4,-65,454,198,6054555282,true
11-2,2024-12-27 15:56:14.649,MCSLab RTT AP3,e4:5e:1b:a0:5e:85,-62,6719,616,6054555282,true
11-2,2024-12-27 15:56:14.649,MCSLab RTT AP1,24:29:34:e2:4c:36,-68,5327,539,6054555282,true
11-2,2024-12-27 15:56:14.649,MCSLab RTT AP3,b0:e4:d5:88:16:86,-59,4969,2978,6054555282,true
11-2,2024-12-27 15:56:14.792,MCSLab RTT AP2,24:29:34:e1:ef:d4,-65,659,138,6054555426,true
11-2,2024-12-27 15:56:14.792,MCSLab RTT AP2,24:29:34:e1:ef:d4,-65,659,138,6054555426,true
11-2,2024-12-27 15:56:14.792,MCSLab RTT AP3,e4:5e:1b:a0:5e:85,-61,6552,742,6054555425,true
11-2,2024-12-27 15:56:14.792,MCSLab RTT AP2,24:29:34:e1:ef:d4,-65,659,138,6054555426,true
11-2,2024-12-27 15:56:14.792,MCSLab RTT AP3,e4:5e:1b:a0:5e:85,-61,6552,742,6054555425,true
11-2,2024-12-27 15:56:14.792,MCSLab RTT AP1,24:29:34:e2:4c:36,-68,5171,584,6054555426,true
11-2,2024-12-27 15:56:14.792,MCSLab RTT AP2,24:29:34:e1:ef:d4,-65,659,138,6054555426,true
11-2,2024-12-27 15:56:14.792,MCSLab RTT AP3,e4:5e:1b:a0:5e:85,-61,6552,742,6054555425,true
11-2,2024-12-27 15:56:14.792,MCSLab RTT AP1,24:29:34:e2:4c:36,-68,5171,584,6054555426,true
11-2,2024-12-27 15:56:14.792,MCSLab RTT AP3,b0:e4:d5:88:16:86,-61,2625,1232,6054555425,true
11-2,2024-12-27 15:56:14.933,MCSLab RTT AP2,24:29:34:e1:ef:d4,-64,542,120,6054555567,true
11-2,2024-12-27 15:56:14.933,MCSLab RTT AP2,24:29:34:e1:ef:d4,-64,542,120,6054555567,true
11-2,2024-12-27 15:56:14.933,MCSLab RTT AP3,e4:5e:1b:a0:5e:85,-62,6807,636,6054555567,true
11-2,2024-12-27 15:56:14.933,MCSLab RTT AP2,24:29:34:e1:ef:d4,-64,542,120,6054555567,true
11-2,2024-12-27 15:56:14.933,MCSLab RTT AP3,e4:5e:1b:a0:5e:85,-62,6807,636,6054555567,true
11-2,2024-12-27 15:56:14.933,MCSLab RTT AP1,24:29:34:e2:4c:36,-68,5327,425,6054555567,true
11-2,2024-12-27 15:56:14.933,MCSLab RTT AP2,24:29:34:e1:ef:d4,-64,542,120,6054555567,true
11-2,2024-12-27 15:56:14.933,MCSLab RTT AP3,e4:5e:1b:a0:5e:85,-62,6807,636,6054555567,true
11-2,2024-12-27 15:56:14.933,MCSLab RTT AP1,24:29:34:e2:4c:36,-68,5327,425,6054555567,true
11-2,2024-12-27 15:56:14.933,MCSLab RTT AP3,b0:e4:d5:88:16:86,-64,2586,1172,6054555567,true
11-2,2024-12-27 15:56:15.078,MCSLab RTT AP2,24:29:34:e1:ef:d4,-64,542,237,6054555712,true
11-2,2024-12-27 15:56:15.078,MCSLab RTT AP2,24:29:34:e1:ef:d4,-64,542,237,6054555712,true
11-2,2024-12-27 15:56:15.078,MCSLab RTT AP3,e4:5e:1b:a0:5e:85,-62,6777,596,6054555712,true
11-2,2024-12-27 15:56:15.078,MCSLab RTT AP2,24:29:34:e1:ef:d4,-64,542,237,6054555712,true
11-2,2024-12-27 15:56:15.078,MCSLab RTT AP3,e4:5e:1b:a0:5e:85,-62,6777,596,6054555712,true
11-2,2024-12-27 15:56:15.078,MCSLab RTT AP1,24:29:34:e2:4c:36,-68,5366,391,6054555712,true
11-2,2024-12-27 15:56:15.078,MCSLab RTT AP2,24:29:34:e1:ef:d4,-64,542,237,6054555712,true
11-2,2024-12-27 15:56:15.078,MCSLab RTT AP3,e4:5e:1b:a0:5e:85,-62,6777,596,6054555712,true
11-2,2024-12-27 15:56:15.078,MCSLab RTT AP1,24:29:34:e2:4c:36,-68,5366,391,6054555712,true
11-2,2024-12-27 15:56:15.078,MCSLab RTT AP3,b0:e4:d5:88:16:86,-64,2703,1095,6054555712,true
11-2,2024-12-27 15:56:15.222,MCSLab RTT AP2,24:29:34:e1:ef:d4,-64,600,132,6054555856,true
11-2,2024-12-27 15:56:15.222,MCSLab RTT AP2,24:29:34:e1:ef:d4,-64,600,132,6054555856,true
11-2,2024-12-27 15:56:15.222,MCSLab RTT AP3,e4:5e:1b:a0:5e:85,-62,6777,540,6054555856,true
11-2,2024-12-27 15:56:15.222,MCSLab RTT AP2,24:29:34:e1:ef:d4,-64,600,132,6054555856,true
11-2,2024-12-27 15:56:15.222,MCSLab RTT AP3,e4:5e:1b:a0:5e:85,-62,6777,540,6054555856,true
11-2,2024-12-27 15:56:15.222,MCSLab RTT AP1,24:29:34:e2:4c:36,-68,5210,524,6054555856,true
11-2,2024-12-27 15:56:15.222,MCSLab RTT AP2,24:29:34:e1:ef:d4,-64,600,132,6054555856,true
11-2,2024-12-27 15:56:15.222,MCSLab RTT AP3,e4:5e:1b:a0:5e:85,-62,6777,540,6054555856,true
11-2,2024-12-27 15:56:15.222,MCSLab RTT AP1,24:29:34:e2:4c:36,-68,5210,524,6054555856,true
11-2,2024-12-27 15:56:15.222,MCSLab RTT AP3,b0:e4:d5:88:16:86,-64,2586,1171,6054555856,true
11-2,2024-12-27 15:56:15.367,MCSLab RTT AP2,24:29:34:e1:ef:d4,-64,512,196,6054555999,true
11-2,2024-12-27 15:56:15.367,MCSLab RTT AP2,24:29:34:e1:ef:d4,-64,512,196,6054555999,true
11-2,2024-12-27 15:56:15.367,MCSLab RTT AP3,e4:5e:1b:a0:5e:85,-62,6807,567,6054555999,true
11-2,2024-12-27 15:56:15.367,MCSLab RTT AP2,24:29:34:e1:ef:d4,-64,512,196,6054555999,true
11-2,2024-12-27 15:56:15.367,MCSLab RTT AP3,e4:5e:1b:a0:5e:85,-62,6807,567,6054555999,true
11-2,2024-12-27 15:56:15.367,MCSLab RTT AP1,24:29:34:e2:4c:36,-69,5171,496,6054555999,true
11-2,2024-12-27 15:56:15.367,MCSLab RTT AP2,24:29:34:e1:ef:d4,-64,512,196,6054555999,true
11-2,2024-12-27 15:56:15.367,MCSLab RTT AP3,e4:5e:1b:a0:5e:85,-62,6807,567,6054555999,true
11-2,2024-12-27 15:56:15.367,MCSLab RTT AP1,24:29:34:e2:4c:36,-69,5171,496,6054555999,true
11-2,2024-12-27 15:56:15.367,MCSLab RTT AP3,b0:e4:d5:88:16:86,-63,2664,1113,6054555999,true
11-2,2024-12-27 15:56:15.513,MCSLab RTT AP2,24:29:34:e1:ef:d4,-64,395,196,6054556147,true
11-2,2024-12-27 15:56:15.513,MCSLab RTT AP2,24:29:34:e1:ef:d4,-64,395,196,6054556147,true
11-2,2024-12-27 15:56:15.513,MCSLab RTT AP3,e4:5e:1b:a0:5e:85,-62,6836,548,6054556147,true
11-2,2024-12-27 15:56:15.513,MCSLab RTT AP2,24:29:34:e1:ef:d4,-64,395,196,6054556147,true
11-2,2024-12-27 15:56:15.513,MCSLab RTT AP3,e4:5e:1b:a0:5e:85,-62,6836,548,6054556147,true
11-2,2024-12-27 15:56:15.513,MCSLab RTT AP1,24:29:34:e2:4c:36,-69,5210,509,6054556147,true
11-2,2024-12-27 15:56:15.513,MCSLab RTT AP2,24:29:34:e1:ef:d4,-64,395,196,6054556147,true
11-2,2024-12-27 15:56:15.513,MCSLab RTT AP3,e4:5e:1b:a0:5e:85,-62,6836,548,6054556147,true
11-2,2024-12-27 15:56:15.513,MCSLab RTT AP1,24:29:34:e2:4c:36,-69,5210,509,6054556147,true
11-2,2024-12-27 15:56:15.513,MCSLab RTT AP3,b0:e4:d5:88:16:86,-61,2508,1294,6054556147,true
11-2,2024-12-27 15:56:15.657,MCSLab RTT AP2,24:29:34:e1:ef:d4,-64,483,121,6054556291,true
11-2,2024-12-27 15:56:15.657,MCSLab RTT AP2,24:29:34:e1:ef:d4,-64,483,121,6054556291,true
11-2,2024-12-27 15:56:15.657,MCSLab RTT AP3,e4:5e:1b:a0:5e:85,-62,6777,584,6054556291,true
11-2,2024-12-27 15:56:15.657,MCSLab RTT AP2,24:29:34:e1:ef:d4,-64,483,121,6054556291,true
11-2,2024-12-27 15:56:15.657,MCSLab RTT AP3,e4:5e:1b:a0:5e:85,-62,6777,584,6054556291,true
11-2,2024-12-27 15:56:15.657,MCSLab RTT AP1,24:29:34:e2:4c:36,-62,5249,731,6054556291,true
11-2,2024-12-27 15:56:15.657,MCSLab RTT AP2,24:29:34:e1:ef:d4,-64,483,121,6054556291,true
11-2,2024-12-27 15:56:15.657,MCSLab RTT AP3,e4:5e:1b:a0:5e:85,-62,6777,584,6054556291,true
11-2,2024-12-27 15:56:15.657,MCSLab RTT AP1,24:29:34:e2:4c:36,-62,5249,731,6054556291,true
11-2,2024-12-27 15:56:15.657,MCSLab RTT AP3,b0:e4:d5:88:16:86,-63,2743,1133,6054556291,true
11-2,2024-12-27 15:56:15.810,MCSLab RTT AP2,24:29:34:e1:ef:d4,-64,600,192,6054556442,true
11-2,2024-12-27 15:56:15.810,MCSLab RTT AP2,24:29:34:e1:ef:d4,-64,600,192,6054556442,true
11-2,2024-12-27 15:56:15.810,MCSLab RTT AP3,e4:5e:1b:a0:5e:85,-60,6719,601,6054556442,true
11-2,2024-12-27 15:56:15.810,MCSLab RTT AP2,24:29:34:e1:ef:d4,-64,600,192,6054556442,true
11-2,2024-12-27 15:56:15.810,MCSLab RTT AP3,e4:5e:1b:a0:5e:85,-60,6719,601,6054556442,true
11-2,2024-12-27 15:56:15.810,MCSLab RTT AP1,24:29:34:e2:4c:36,-69,5288,432,6054556442,true
11-2,2024-12-27 15:56:15.810,MCSLab RTT AP2,24:29:34:e1:ef:d4,-64,600,192,6054556442,true
11-2,2024-12-27 15:56:15.810,MCSLab RTT AP3,e4:5e:1b:a0:5e:85,-60,6719,601,6054556442,true
11-2,2024-12-27 15:56:15.810,MCSLab RTT AP1,24:29:34:e2:4c:36,-69,5288,432,6054556442,true
11-2,2024-12-27 15:56:15.810,MCSLab RTT AP3,b0:e4:d5:88:16:86,-63,2547,1161,6054556442,true
11-2,2024-12-27 15:56:15.960,MCSLab RTT AP2,24:29:34:e1:ef:d4,-64,395,246,6054556592,true
11-2,2024-12-27 15:56:15.960,MCSLab RTT AP2,24:29:34:e1:ef:d4,-64,395,246,6054556592,true
11-2,2024-12-27 15:56:15.960,MCSLab RTT AP3,e4:5e:1b:a0:5e:85,-62,6748,612,6054556592,true
11-2,2024-12-27 15:56:15.960,MCSLab RTT AP2,24:29:34:e1:ef:d4,-64,395,246,6054556592,true
11-2,2024-12-27 15:56:15.960,MCSLab RTT AP3,e4:5e:1b:a0:5e:85,-62,6748,612,6054556592,true
11-2,2024-12-27 15:56:15.960,MCSLab RTT AP1,24:29:34:e2:4c:36,-69,5405,465,6054556592,true
11-2,2024-12-27 15:56:15.960,MCSLab RTT AP2,24:29:34:e1:ef:d4,-64,395,246,6054556592,true
11-2,2024-12-27 15:56:15.960,MCSLab RTT AP3,e4:5e:1b:a0:5e:85,-62,6748,612,6054556592,true
11-2,2024-12-27 15:56:15.960,MCSLab RTT AP1,24:29:34:e2:4c:36,-69,5405,465,6054556592,true
11-2,2024-12-27 15:56:15.960,MCSLab RTT AP3,b0:e4:d5:88:16:86,-63,2430,1235,6054556592,true
11-2,2024-12-27 15:56:16.104,MCSLab RTT AP2,24:29:34:e1:ef:d4,-65,513,205,6054556737,true
11-2,2024-12-27 15:56:16.104,MCSLab RTT AP2,24:29:34:e1:ef:d4,-65,513,205,6054556737,true
11-2,2024-12-27 15:56:16.104,MCSLab RTT AP3,e4:5e:1b:a0:5e:85,-62,6748,587,6054556737,true
11-2,2024-12-27 15:56:16.104,MCSLab RTT AP2,24:29:34:e1:ef:d4,-65,513,205,6054556737,true
11-2,2024-12-27 15:56:16.104,MCSLab RTT AP3,e4:5e:1b:a0:5e:85,-62,6748,587,6054556737,true
11-2,2024-12-27 15:56:16.104,MCSLab RTT AP1,24:29:34:e2:4c:36,-69,5249,523,6054556737,true
11-2,2024-12-27 15:56:16.104,MCSLab RTT AP2,24:29:34:e1:ef:d4,-65,513,205,6054556737,true
11-2,2024-12-27 15:56:16.104,MCSLab RTT AP3,e4:5e:1b:a0:5e:85,-62,6748,587,6054556737,true
11-2,2024-12-27 15:56:16.104,MCSLab RTT AP1,24:29:34:e2:4c:36,-69,5249,523,6054556737,true
11-2,2024-12-27 15:56:16.104,MCSLab RTT AP3,b0:e4:d5:88:16:86,-63,2508,1249,6054556736,true
11-2,2024-12-27 15:56:16.253,MCSLab RTT AP2,24:29:34:e1:ef:d4,-64,483,146,6054556885,true
11-2,2024-12-27 15:56:16.253,MCSLab RTT AP2,24:29:34:e1:ef:d4,-64,483,146,6054556885,true
11-2,2024-12-27 15:56:16.253,MCSLab RTT AP3,e4:5e:1b:a0:5e:85,-62,6689,630,6054556885,true
11-2,2024-12-27 15:56:16.253,MCSLab RTT AP2,24:29:34:e1:ef:d4,-64,483,146,6054556885,true
11-2,2024-12-27 15:56:16.253,MCSLab RTT AP3,e4:5e:1b:a0:5e:85,-62,6689,630,6054556885,true
11-2,2024-12-27 15:56:16.253,MCSLab RTT AP1,24:29:34:e2:4c:36,-69,5288,503,6054556885,true
11-2,2024-12-27 15:56:16.253,MCSLab RTT AP2,24:29:34:e1:ef:d4,-64,483,146,6054556885,true
11-2,2024-12-27 15:56:16.253,MCSLab RTT AP3,e4:5e:1b:a0:5e:85,-62,6689,630,6054556885,true
11-2,2024-12-27 15:56:16.253,MCSLab RTT AP1,24:29:34:e2:4c:36,-69,5288,503,6054556885,true
11-2,2024-12-27 15:56:16.253,MCSLab RTT AP3,b0:e4:d5:88:16:86,-54,2245,1356,6054556885,true
11-2,2024-12-27 15:56:16.402,MCSLab RTT AP2,24:29:34:e1:ef:d4,-64,366,206,6054557034,true
11-2,2024-12-27 15:56:16.402,MCSLab RTT AP2,24:29:34:e1:ef:d4,-64,366,206,6054557034,true
11-2,2024-12-27 15:56:16.402,MCSLab RTT AP3,e4:5e:1b:a0:5e:85,-60,6777,487,6054557034,true
11-2,2024-12-27 15:56:16.402,MCSLab RTT AP2,24:29:34:e1:ef:d4,-64,366,206,6054557034,true
11-2,2024-12-27 15:56:16.402,MCSLab RTT AP3,e4:5e:1b:a0:5e:85,-60,6777,487,6054557034,true
11-2,2024-12-27 15:56:16.402,MCSLab RTT AP1,24:29:34:e2:4c:36,-69,5327,394,6054557034,true
11-2,2024-12-27 15:56:16.402,MCSLab RTT AP2,24:29:34:e1:ef:d4,-64,366,206,6054557034,true
11-2,2024-12-27 15:56:16.402,MCSLab RTT AP3,e4:5e:1b:a0:5e:85,-60,6777,487,6054557034,true
11-2,2024-12-27 15:56:16.402,MCSLab RTT AP1,24:29:34:e2:4c:36,-69,5327,394,6054557034,true
11-2,2024-12-27 15:56:16.402,MCSLab RTT AP3,b0:e4:d5:88:16:86,-63,2547,1143,6054557034,true
11-2,2024-12-27 15:56:16.551,MCSLab RTT AP2,24:29:34:e1:ef:d4,-64,639,138,6054557184,true
11-2,2024-12-27 15:56:16.551,MCSLab RTT AP2,24:29:34:e1:ef:d4,-64,639,138,6054557184,true
11-2,2024-12-27 15:56:16.551,MCSLab RTT AP3,e4:5e:1b:a0:5e:85,-62,6719,560,6054557184,true
11-2,2024-12-27 15:56:16.551,MCSLab RTT AP2,24:29:34:e1:ef:d4,-64,639,138,6054557184,true
11-2,2024-12-27 15:56:16.551,MCSLab RTT AP3,e4:5e:1b:a0:5e:85,-62,6719,560,6054557184,true
11-2,2024-12-27 15:56:16.551,MCSLab RTT AP1,24:29:34:e2:4c:36,-69,5210,470,6054557184,true
11-2,2024-12-27 15:56:16.551,MCSLab RTT AP2,24:29:34:e1:ef:d4,-64,639,138,6054557184,true
11-2,2024-12-27 15:56:16.551,MCSLab RTT AP3,e4:5e:1b:a0:5e:85,-62,6719,560,6054557184,true
11-2,2024-12-27 15:56:16.551,MCSLab RTT AP1,24:29:34:e2:4c:36,-69,5210,470,6054557184,true
11-2,2024-12-27 15:56:16.551,MCSLab RTT AP3,b0:e4:d5:88:16:86,-61,2664,1296,6054557184,true
11-2,2024-12-27 15:56:16.695,MCSLab RTT AP2,24:29:34:e1:ef:d4,-64,337,257,6054557329,true
11-2,2024-12-27 15:56:16.695,MCSLab RTT AP2,24:29:34:e1:ef:d4,-64,337,257,6054557329,true
11-2,2024-12-27 15:56:16.695,MCSLab RTT AP3,e4:5e:1b:a0:5e:85,-62,6748,600,6054557328,true
11-2,2024-12-27 15:56:16.695,MCSLab RTT AP2,24:29:34:e1:ef:d4,-64,337,257,6054557329,true
11-2,2024-12-27 15:56:16.695,MCSLab RTT AP3,e4:5e:1b:a0:5e:85,-62,6748,600,6054557328,true
11-2,2024-12-27 15:56:16.695,MCSLab RTT AP1,24:29:34:e2:4c:36,-62,5405,959,6054557329,true
11-2,2024-12-27 15:56:16.695,MCSLab RTT AP2,24:29:34:e1:ef:d4,-64,337,257,6054557329,true
11-2,2024-12-27 15:56:16.695,MCSLab RTT AP3,e4:5e:1b:a0:5e:85,-62,6748,600,6054557328,true
11-2,2024-12-27 15:56:16.695,MCSLab RTT AP1,24:29:34:e2:4c:36,-62,5405,959,6054557329,true
11-2,2024-12-27 15:56:16.695,MCSLab RTT AP3,b0:e4:d5:88:16:86,-63,2508,1178,6054557328,true
11-2,2024-12-27 15:56:16.838,MCSLab RTT AP2,24:29:34:e1:ef:d4,-65,542,184,6054557471,true
11-2,2024-12-27 15:56:16.838,MCSLab RTT AP2,24:29:34:e1:ef:d4,-65,542,184,6054557471,true
11-2,2024-12-27 15:56:16.838,MCSLab RTT AP3,e4:5e:1b:a0:5e:85,-60,6807,582,6054557471,true
11-2,2024-12-27 15:56:16.838,MCSLab RTT AP2,24:29:34:e1:ef:d4,-65,542,184,6054557471,true
11-2,2024-12-27 15:56:16.838,MCSLab RTT AP3,e4:5e:1b:a0:5e:85,-60,6807,582,6054557471,true
11-2,2024-12-27 15:56:16.838,MCSLab RTT AP1,24:29:34:e2:4c:36,-68,5366,415,6054557471,true
11-2,2024-12-27 15:56:16.838,MCSLab RTT AP2,24:29:34:e1:ef:d4,-65,542,184,6054557471,true
11-2,2024-12-27 15:56:16.838,MCSLab RTT AP3,e4:5e:1b:a0:5e:85,-60,6807,582,6054557471,true
11-2,2024-12-27 15:56:16.838,MCSLab RTT AP1,24:29:34:e2:4c:36,-68,5366,415,6054557471,true
11-2,2024-12-27 15:56:16.838,MCSLab RTT AP3,b0:e4:d5:88:16:86,-62,2430,1201,6054557470,true
11-2,2024-12-27 15:56:16.969,MCSLab RTT AP2,24:29:34:e1:ef:d4,-65,337,249,6054557607,true
11-2,2024-12-27 15:56:16.969,MCSLab RTT AP2,24:29:34:e1:ef:d4,-65,337,249,6054557607,true
11-2,2024-12-27 15:56:16.969,MCSLab RTT AP3,e4:5e:1b:a0:5e:85,-62,6689,667,6054557607,true
11-2,2024-12-27 15:56:16.969,MCSLab RTT AP2,24:29:34:e1:ef:d4,-65,337,249,6054557607,true
11-2,2024-12-27 15:56:16.969,MCSLab RTT AP3,e4:5e:1b:a0:5e:85,-62,6689,667,6054557607,true
11-2,2024-12-27 15:56:16.969,MCSLab RTT AP1,24:29:34:e2:4c:36,-69,5366,480,6054557607,true
11-2,2024-12-27 15:56:16.969,MCSLab RTT AP2,24:29:34:e1:ef:d4,-65,337,249,6054557607,true
11-2,2024-12-27 15:56:16.969,MCSLab RTT AP3,e4:5e:1b:a0:5e:85,-62,6689,667,6054557607,true
11-2,2024-12-27 15:56:16.969,MCSLab RTT AP1,24:29:34:e2:4c:36,-69,5366,480,6054557607,true
11-2,2024-12-27 15:56:16.969,MCSLab RTT AP3,b0:e4:d5:88:16:86,-64,2586,1194,6054557607,true
11-2,2024-12-27 15:56:17.100,MCSLab RTT AP2,24:29:34:e1:ef:d4,-65,337,231,6054557736,true
11-2,2024-12-27 15:56:17.100,MCSLab RTT AP2,24:29:34:e1:ef:d4,-65,337,231,6054557736,true
11-2,2024-12-27 15:56:17.100,MCSLab RTT AP3,e4:5e:1b:a0:5e:85,-62,6836,564,6054557736,true
11-2,2024-12-27 15:56:17.100,MCSLab RTT AP2,24:29:34:e1:ef:d4,-65,337,231,6054557736,true
11-2,2024-12-27 15:56:17.100,MCSLab RTT AP3,e4:5e:1b:a0:5e:85,-62,6836,564,6054557736,true
11-2,2024-12-27 15:56:17.100,MCSLab RTT AP1,24:29:34:e2:4c:36,-69,5483,418,6054557736,true
11-2,2024-12-27 15:56:17.100,MCSLab RTT AP2,24:29:34:e1:ef:d4,-65,337,231,6054557736,true
11-2,2024-12-27 15:56:17.100,MCSLab RTT AP3,e4:5e:1b:a0:5e:85,-62,6836,564,6054557736,true
11-2,2024-12-27 15:56:17.100,MCSLab RTT AP1,24:29:34:e2:4c:36,-69,5483,418,6054557736,true
11-2,2024-12-27 15:56:17.100,MCSLab RTT AP3,b0:e4:d5:88:16:86,-64,2664,1113,6054557736,true
11-2,2024-12-27 15:56:17.236,MCSLab RTT AP2,24:29:34:e1:ef:d4,-65,483,233,6054557871,true
11-2,2024-12-27 15:56:17.236,MCSLab RTT AP2,24:29:34:e1:ef:d4,-65,483,233,6054557871,true
11-2,2024-12-27 15:56:17.236,MCSLab RTT AP3,e4:5e:1b:a0:5e:85,-62,6836,533,6054557871,true
11-2,2024-12-27 15:56:17.236,MCSLab RTT AP2,24:29:34:e1:ef:d4,-65,483,233,6054557871,true
11-2,2024-12-27 15:56:17.236,MCSLab RTT AP3,e4:5e:1b:a0:5e:85,-62,6836,533,6054557871,true
11-2,2024-12-27 15:56:17.236,MCSLab RTT AP1,24:29:34:e2:4c:36,-69,5444,382,6054557871,true
11-2,2024-12-27 15:56:17.236,MCSLab RTT AP2,24:29:34:e1:ef:d4,-65,483,233,6054557871,true
11-2,2024-12-27 15:56:17.236,MCSLab RTT AP3,e4:5e:1b:a0:5e:85,-62,6836,533,6054557871,true
11-2,2024-12-27 15:56:17.236,MCSLab RTT AP1,24:29:34:e2:4c:36,-69,5444,382,6054557871,true
11-2,2024-12-27 15:56:17.236,MCSLab RTT AP3,b0:e4:d5:88:16:86,-62,2625,1124,6054557871,true
11-2,2024-12-27 15:56:17.383,MCSLab RTT AP2,24:29:34:e1:ef:d4,-64,688,89,6054558015,true
11-2,2024-12-27 15:56:17.383,MCSLab RTT AP2,24:29:34:e1:ef:d4,-64,688,89,6054558015,true
11-2,2024-12-27 15:56:17.383,MCSLab RTT AP3,e4:5e:1b:a0:5e:85,-62,6836,548,6054558015,true
11-2,2024-12-27 15:56:17.383,MCSLab RTT AP2,24:29:34:e1:ef:d4,-64,688,89,6054558015,true
11-2,2024-12-27 15:56:17.383,MCSLab RTT AP3,e4:5e:1b:a0:5e:85,-62,6836,548,6054558015,true
11-2,2024-12-27 15:56:17.383,MCSLab RTT AP1,24:29:34:e2:4c:36,-69,5366,385,6054558015,true
11-2,2024-12-27 15:56:17.383,MCSLab RTT AP2,24:29:34:e1:ef:d4,-64,688,89,6054558015,true
11-2,2024-12-27 15:56:17.383,MCSLab RTT AP3,e4:5e:1b:a0:5e:85,-62,6836,548,6054558015,true
11-2,2024-12-27 15:56:17.383,MCSLab RTT AP1,24:29:34:e2:4c:36,-69,5366,385,6054558015,true
11-2,2024-12-27 15:56:17.383,MCSLab RTT AP3,b0:e4:d5:88:16:86,-63,2625,1077,6054558015,true
11-2,2024-12-27 15:56:17.530,MCSLab RTT AP2,24:29:34:e1:ef:d4,-65,513,206,6054558161,true
11-2,2024-12-27 15:56:17.530,MCSLab RTT AP2,24:29:34:e1:ef:d4,-65,513,206,6054558161,true
11-2,2024-12-27 15:56:17.530,MCSLab RTT AP3,e4:5e:1b:a0:5e:85,-62,6787,576,6054558161,true
11-2,2024-12-27 15:56:17.530,MCSLab RTT AP2,24:29:34:e1:ef:d4,-65,513,206,6054558161,true
11-2,2024-12-27 15:56:17.530,MCSLab RTT AP3,e4:5e:1b:a0:5e:85,-62,6787,576,6054558161,true
11-2,2024-12-27 15:56:17.530,MCSLab RTT AP1,24:29:34:e2:4c:36,-69,5327,525,6054558161,true
11-2,2024-12-27 15:56:17.530,MCSLab RTT AP2,24:29:34:e1:ef:d4,-65,513,206,6054558161,true
11-2,2024-12-27 15:56:17.530,MCSLab RTT AP3,e4:5e:1b:a0:5e:85,-62,6787,576,6054558161,true
11-2,2024-12-27 15:56:17.530,MCSLab RTT AP1,24:29:34:e2:4c:36,-69,5327,525,6054558161,true
11-2,2024-12-27 15:56:17.530,MCSLab RTT AP3,b0:e4:d5:88:16:86,-61,2547,1363,6054558161,true
11-2,2024-12-27 15:56:17.675,MCSLab RTT AP2,24:29:34:e1:ef:d4,-65,600,174,6054558307,true
11-2,2024-12-27 15:56:17.675,MCSLab RTT AP2,24:29:34:e1:ef:d4,-65,600,174,6054558307,true
11-2,2024-12-27 15:56:17.675,MCSLab RTT AP3,e4:5e:1b:a0:5e:85,-62,6777,612,6054558307,true
11-2,2024-12-27 15:56:17.675,MCSLab RTT AP2,24:29:34:e1:ef:d4,-65,600,174,6054558307,true
11-2,2024-12-27 15:56:17.675,MCSLab RTT AP3,e4:5e:1b:a0:5e:85,-62,6777,612,6054558307,true
11-2,2024-12-27 15:56:17.675,MCSLab RTT AP1,24:29:34:e2:4c:36,-69,5444,433,6054558307,true
11-2,2024-12-27 15:56:17.675,MCSLab RTT AP2,24:29:34:e1:ef:d4,-65,600,174,6054558307,true
11-2,2024-12-27 15:56:17.675,MCSLab RTT AP3,e4:5e:1b:a0:5e:85,-62,6777,612,6054558307,true
11-2,2024-12-27 15:56:17.675,MCSLab RTT AP1,24:29:34:e2:4c:36,-69,5444,433,6054558307,true
11-2,2024-12-27 15:56:17.675,MCSLab RTT AP3,b0:e4:d5:88:16:86,-61,2430,1358,6054558307,true
11-2,2024-12-27 15:56:17.830,MCSLab RTT AP2,24:29:34:e1:ef:d4,-65,513,206,6054558461,true
11-2,2024-12-27 15:56:17.830,MCSLab RTT AP2,24:29:34:e1:ef:d4,-65,513,206,6054558461,true
11-2,2024-12-27 15:56:17.830,MCSLab RTT AP3,e4:5e:1b:a0:5e:85,-62,6836,613,6054558461,true
11-2,2024-12-27 15:56:17.830,MCSLab RTT AP2,24:29:34:e1:ef:d4,-65,513,206,6054558461,true
11-2,2024-12-27 15:56:17.830,MCSLab RTT AP3,e4:5e:1b:a0:5e:85,-62,6836,613,6054558461,true
11-2,2024-12-27 15:56:17.830,MCSLab RTT AP1,24:29:34:e2:4c:36,-69,5444,433,6054558461,true
11-2,2024-12-27 15:56:17.830,MCSLab RTT AP2,24:29:34:e1:ef:d4,-65,513,206,6054558461,true
11-2,2024-12-27 15:56:17.830,MCSLab RTT AP3,e4:5e:1b:a0:5e:85,-62,6836,613,6054558461,true
11-2,2024-12-27 15:56:17.830,MCSLab RTT AP1,24:29:34:e2:4c:36,-69,5444,433,6054558461,true
11-2,2024-12-27 15:56:17.830,MCSLab RTT AP3,b0:e4:d5:88:16:86,-63,2625,1147,6054558460,true
11-2,2024-12-27 15:56:18.018,MCSLab RTT AP2,24:29:34:e1:ef:d4,-65,874,2077,6054558632,true
11-2,2024-12-27 15:56:18.018,MCSLab RTT AP2,24:29:34:e1:ef:d4,-65,874,2077,6054558632,true
11-2,2024-12-27 15:56:18.018,MCSLab RTT AP3,e4:5e:1b:a0:5e:85,-62,6748,602,6054558632,true
11-2,2024-12-27 15:56:18.018,MCSLab RTT AP2,24:29:34:e1:ef:d4,-65,874,2077,6054558632,true
11-2,2024-12-27 15:56:18.018,MCSLab RTT AP3,e4:5e:1b:a0:5e:85,-62,6748,602,6054558632,true
11-2,2024-12-27 15:56:18.018,MCSLab RTT AP1,24:29:34:e2:4c:36,-69,5483,432,6054558632,true
11-2,2024-12-27 15:56:18.018,MCSLab RTT AP2,24:29:34:e1:ef:d4,-65,874,2077,6054558632,true
11-2,2024-12-27 15:56:18.018,MCSLab RTT AP3,e4:5e:1b:a0:5e:85,-62,6748,602,6054558632,true
11-2,2024-12-27 15:56:18.018,MCSLab RTT AP1,24:29:34:e2:4c:36,-69,5483,432,6054558632,true
11-2,2024-12-27 15:56:18.018,MCSLab RTT AP3,b0:e4:d5:88:16:86,-62,2508,1385,6054558632,true
11-2,2024-12-27 15:56:18.153,MCSLab RTT AP2,24:29:34:e1:ef:d4,-65,425,261,6054558786,true
11-2,2024-12-27 15:56:18.153,MCSLab RTT AP2,24:29:34:e1:ef:d4,-65,425,261,6054558786,true
11-2,2024-12-27 15:56:18.153,MCSLab RTT AP3,e4:5e:1b:a0:5e:85,-62,6768,613,6054558786,true
11-2,2024-12-27 15:56:18.153,MCSLab RTT AP2,24:29:34:e1:ef:d4,-65,425,261,6054558786,true
11-2,2024-12-27 15:56:18.153,MCSLab RTT AP3,e4:5e:1b:a0:5e:85,-62,6768,613,6054558786,true
11-2,2024-12-27 15:56:18.153,MCSLab RTT AP1,24:29:34:e2:4c:36,-69,5327,528,6054558786,true
11-2,2024-12-27 15:56:18.153,MCSLab RTT AP2,24:29:34:e1:ef:d4,-65,425,261,6054558786,true
11-2,2024-12-27 15:56:18.153,MCSLab RTT AP3,e4:5e:1b:a0:5e:85,-62,6768,613,6054558786,true
11-2,2024-12-27 15:56:18.153,MCSLab RTT AP1,24:29:34:e2:4c:36,-69,5327,528,6054558786,true
11-2,2024-12-27 15:56:18.153,MCSLab RTT AP3,b0:e4:d5:88:16:86,-63,2586,1156,6054558785,true
11-2,2024-12-27 15:56:18.301,MCSLab RTT AP2,24:29:34:e1:ef:d4,-65,395,229,6054558934,true
11-2,2024-12-27 15:56:18.301,MCSLab RTT AP2,24:29:34:e1:ef:d4,-65,395,229,6054558934,true
11-2,2024-12-27 15:56:18.301,MCSLab RTT AP3,e4:5e:1b:a0:5e:85,-62,6748,678,6054558934,true
11-2,2024-12-27 15:56:18.301,MCSLab RTT AP2,24:29:34:e1:ef:d4,-65,395,229,6054558934,true
11-2,2024-12-27 15:56:18.301,MCSLab RTT AP3,e4:5e:1b:a0:5e:85,-62,6748,678,6054558934,true
11-2,2024-12-27 15:56:18.301,MCSLab RTT AP1,24:29:34:e2:4c:36,-69,5288,557,6054558934,true
11-2,2024-12-27 15:56:18.301,MCSLab RTT AP2,24:29:34:e1:ef:d4,-65,395,229,6054558934,true
11-2,2024-12-27 15:56:18.301,MCSLab RTT AP3,e4:5e:1b:a0:5e:85,-62,6748,678,6054558934,true
11-2,2024-12-27 15:56:18.301,MCSLab RTT AP1,24:29:34:e2:4c:36,-69,5288,557,6054558934,true
11-2,2024-12-27 15:56:18.301,MCSLab RTT AP3,b0:e4:d5:88:16:86,-63,2625,1285,6054558934,true
11-2,2024-12-27 15:56:18.444,MCSLab RTT AP2,24:29:34:e1:ef:d4,-64,395,149,6054559078,true
11-2,2024-12-27 15:56:18.444,MCSLab RTT AP2,24:29:34:e1:ef:d4,-64,395,149,6054559078,true
11-2,2024-12-27 15:56:18.444,MCSLab RTT AP3,e4:5e:1b:a0:5e:85,-62,6807,624,6054559078,true
11-2,2024-12-27 15:56:18.444,MCSLab RTT AP2,24:29:34:e1:ef:d4,-64,395,149,6054559078,true
11-2,2024-12-27 15:56:18.444,MCSLab RTT AP3,e4:5e:1b:a0:5e:85,-62,6807,624,6054559078,true
11-2,2024-12-27 15:56:18.444,MCSLab RTT AP1,24:29:34:e2:4c:36,-69,5249,520,6054559078,true
11-2,2024-12-27 15:56:18.444,MCSLab RTT AP2,24:29:34:e1:ef:d4,-64,395,149,6054559078,true
11-2,2024-12-27 15:56:18.444,MCSLab RTT AP3,e4:5e:1b:a0:5e:85,-62,6807,624,6054559078,true
11-2,2024-12-27 15:56:18.444,MCSLab RTT AP1,24:29:34:e2:4c:36,-69,5249,520,6054559078,true
11-2,2024-12-27 15:56:18.444,MCSLab RTT AP3,b0:e4:d5:88:16:86,-64,2469,1155,6054559078,true
11-2,2024-12-27 15:56:18.590,MCSLab RTT AP2,24:29:34:e1:ef:d4,-65,307,185,6054559224,true
11-2,2024-12-27 15:56:18.590,MCSLab RTT AP2,24:29:34:e1:ef:d4,-65,307,185,6054559224,true
11-2,2024-12-27 15:56:18.590,MCSLab RTT AP3,e4:5e:1b:a0:5e:85,-62,6719,687,6054559224,true
11-2,2024-12-27 15:56:18.590,MCSLab RTT AP2,24:29:34:e1:ef:d4,-65,307,185,6054559224,true
11-2,2024-12-27 15:56:18.590,MCSLab RTT AP3,e4:5e:1b:a0:5e:85,-62,6719,687,6054559224,true
11-2,2024-12-27 15:56:18.590,MCSLab RTT AP1,24:29:34:e2:4c:36,-69,5171,553,6054559224,true
11-2,2024-12-27 15:56:18.590,MCSLab RTT AP2,24:29:34:e1:ef:d4,-65,307,185,6054559224,true
11-2,2024-12-27 15:56:18.590,MCSLab RTT AP3,e4:5e:1b:a0:5e:85,-62,6719,687,6054559224,true
11-2,2024-12-27 15:56:18.590,MCSLab RTT AP1,24:29:34:e2:4c:36,-69,5171,553,6054559224,true
11-2,2024-12-27 15:56:18.590,MCSLab RTT AP3,b0:e4:d5:88:16:86,-59,2547,1213,6054559224,true
11-2,2024-12-27 15:56:18.736,MCSLab RTT AP2,24:29:34:e1:ef:d4,-64,425,263,6054559368,true
11-2,2024-12-27 15:56:18.736,MCSLab RTT AP2,24:29:34:e1:ef:d4,-64,425,263,6054559368,true
11-2,2024-12-27 15:56:18.736,MCSLab RTT AP3,e4:5e:1b:a0:5e:85,-62,6689,685,6054559368,true
11-2,2024-12-27 15:56:18.736,MCSLab RTT AP2,24:29:34:e1:ef:d4,-64,425,263,6054559368,true
11-2,2024-12-27 15:56:18.736,MCSLab RTT AP3,e4:5e:1b:a0:5e:85,-62,6689,685,6054559368,true
11-2,2024-12-27 15:56:18.736,MCSLab RTT AP1,24:29:34:e2:4c:36,-69,5171,553,6054559368,true
11-2,2024-12-27 15:56:18.736,MCSLab RTT AP2,24:29:34:e1:ef:d4,-64,425,263,6054559368,true
11-2,2024-12-27 15:56:18.736,MCSLab RTT AP3,e4:5e:1b:a0:5e:85,-62,6689,685,6054559368,true
11-2,2024-12-27 15:56:18.736,MCSLab RTT AP1,24:29:34:e2:4c:36,-69,5171,553,6054559368,true
11-2,2024-12-27 15:56:18.736,MCSLab RTT AP3,b0:e4:d5:88:16:86,-63,2664,1130,6054559368,true
11-2,2024-12-27 15:56:18.877,MCSLab RTT AP2,24:29:34:e1:ef:d4,-64,307,311,6054559510,true
11-2,2024-12-27 15:56:18.877,MCSLab RTT AP2,24:29:34:e1:ef:d4,-64,307,311,6054559510,true
11-2,2024-12-27 15:56:18.877,MCSLab RTT AP3,e4:5e:1b:a0:5e:85,-60,6689,747,6054559510,true
11-2,2024-12-27 15:56:18.877,MCSLab RTT AP2,24:29:34:e1:ef:d4,-64,307,311,6054559510,true
11-2,2024-12-27 15:56:18.877,MCSLab RTT AP3,e4:5e:1b:a0:5e:85,-60,6689,747,6054559510,true
11-2,2024-12-27 15:56:18.877,MCSLab RTT AP1,24:29:34:e2:4c:36,-69,5249,541,6054559510,true
11-2,2024-12-27 15:56:18.877,MCSLab RTT AP2,24:29:34:e1:ef:d4,-64,307,311,6054559510,true
11-2,2024-12-27 15:56:18.877,MCSLab RTT AP3,e4:5e:1b:a0:5e:85,-60,6689,747,6054559510,true
11-2,2024-12-27 15:56:18.877,MCSLab RTT AP1,24:29:34:e2:4c:36,-69,5249,541,6054559510,true
11-2,2024-12-27 15:56:18.877,MCSLab RTT AP3,b0:e4:d5:88:16:86,-63,2547,1100,6054559510,true
11-2,2024-12-27 15:56:19.022,MCSLab RTT AP2,24:29:34:e1:ef:d4,-64,307,317,6054559654,true
11-2,2024-12-27 15:56:19.022,MCSLab RTT AP2,24:29:34:e1:ef:d4,-64,307,317,6054559654,true
11-2,2024-12-27 15:56:19.022,MCSLab RTT AP3,e4:5e:1b:a0:5e:85,-62,6689,722,6054559654,true
11-2,2024-12-27 15:56:19.022,MCSLab RTT AP2,24:29:34:e1:ef:d4,-64,307,317,6054559654,true
11-2,2024-12-27 15:56:19.022,MCSLab RTT AP3,e4:5e:1b:a0:5e:85,-62,6689,722,6054559654,true
11-2,2024-12-27 15:56:19.022,MCSLab RTT AP1,24:29:34:e2:4c:36,-69,5405,495,6054559654,true
11-2,2024-12-27 15:56:19.022,MCSLab RTT AP2,24:29:34:e1:ef:d4,-64,307,317,6054559654,true
11-2,2024-12-27 15:56:19.022,MCSLab RTT AP3,e4:5e:1b:a0:5e:85,-62,6689,722,6054559654,true
11-2,2024-12-27 15:56:19.022,MCSLab RTT AP1,24:29:34:e2:4c:36,-69,5405,495,6054559654,true
11-2,2024-12-27 15:56:19.022,MCSLab RTT AP3,b0:e4:d5:88:16:86,-63,2625,1143,6054559654,true
11-2,2024-12-27 15:56:19.162,MCSLab RTT AP2,24:29:34:e1:ef:d4,-64,337,290,6054559796,true
11-2,2024-12-27 15:56:19.162,MCSLab RTT AP2,24:29:34:e1:ef:d4,-64,337,290,6054559796,true
11-2,2024-12-27 15:56:19.162,MCSLab RTT AP3,e4:5e:1b:a0:5e:85,-62,6807,620,6054559796,true
11-2,2024-12-27 15:56:19.162,MCSLab RTT AP2,24:29:34:e1:ef:d4,-64,337,290,6054559796,true
11-2,2024-12-27 15:56:19.162,MCSLab RTT AP3,e4:5e:1b:a0:5e:85,-62,6807,620,6054559796,true
11-2,2024-12-27 15:56:19.162,MCSLab RTT AP1,24:29:34:e2:4c:36,-69,5444,382,6054559796,true
11-2,2024-12-27 15:56:19.162,MCSLab RTT AP2,24:29:34:e1:ef:d4,-64,337,290,6054559796,true
11-2,2024-12-27 15:56:19.162,MCSLab RTT AP3,e4:5e:1b:a0:5e:85,-62,6807,620,6054559796,true
11-2,2024-12-27 15:56:19.162,MCSLab RTT AP1,24:29:34:e2:4c:36,-69,5444,382,6054559796,true
11-2,2024-12-27 15:56:19.162,MCSLab RTT AP3,b0:e4:d5:88:16:86,-63,2625,1104,6054559796,true
11-2,2024-12-27 15:56:19.299,MCSLab RTT AP2,24:29:34:e1:ef:d4,-65,337,123,6054559931,true
11-2,2024-12-27 15:56:19.299,MCSLab RTT AP2,24:29:34:e1:ef:d4,-65,337,123,6054559931,true
11-2,2024-12-27 15:56:19.299,MCSLab RTT AP3,e4:5e:1b:a0:5e:85,-61,6689,606,6054559931,true
11-2,2024-12-27 15:56:19.299,MCSLab RTT AP2,24:29:34:e1:ef:d4,-65,337,123,6054559931,true
11-2,2024-12-27 15:56:19.299,MCSLab RTT AP3,e4:5e:1b:a0:5e:85,-61,6689,606,6054559931,true
11-2,2024-12-27 15:56:19.299,MCSLab RTT AP1,24:29:34:e2:4c:36,-69,5366,420,6054559931,true
11-2,2024-12-27 15:56:19.299,MCSLab RTT AP2,24:29:34:e1:ef:d4,-65,337,123,6054559931,true
11-2,2024-12-27 15:56:19.299,MCSLab RTT AP3,e4:5e:1b:a0:5e:85,-61,6689,606,6054559931,true
11-2,2024-12-27 15:56:19.299,MCSLab RTT AP1,24:29:34:e2:4c:36,-69,5366,420,6054559931,true
11-2,2024-12-27 15:56:19.299,MCSLab RTT AP3,b0:e4:d5:88:16:86,-61,2433,1252,6054559931,true
11-2,2024-12-27 15:56:19.443,MCSLab RTT AP2,24:29:34:e1:ef:d4,-65,249,195,6054560076,true
11-2,2024-12-27 15:56:19.443,MCSLab RTT AP2,24:29:34:e1:ef:d4,-65,249,195,6054560076,true
11-2,2024-12-27 15:56:19.443,MCSLab RTT AP3,e4:5e:1b:a0:5e:85,-62,6777,585,6054560076,true
11-2,2024-12-27 15:56:19.443,MCSLab RTT AP2,24:29:34:e1:ef:d4,-65,249,195,6054560076,true
11-2,2024-12-27 15:56:19.443,MCSLab RTT AP3,e4:5e:1b:a0:5e:85,-62,6777,585,6054560076,true
11-2,2024-12-27 15:56:19.443,MCSLab RTT AP1,24:29:34:e2:4c:36,-63,5366,480,6054560076,true
11-2,2024-12-27 15:56:19.443,MCSLab RTT AP2,24:29:34:e1:ef:d4,-65,249,195,6054560076,true
11-2,2024-12-27 15:56:19.443,MCSLab RTT AP3,e4:5e:1b:a0:5e:85,-62,6777,585,6054560076,true
11-2,2024-12-27 15:56:19.443,MCSLab RTT AP1,24:29:34:e2:4c:36,-63,5366,480,6054560076,true
11-2,2024-12-27 15:56:19.443,MCSLab RTT AP3,b0:e4:d5:88:16:86,-58,-1035,4490,6054560076,true
11-2,2024-12-27 15:56:19.585,MCSLab RTT AP2,24:29:34:e1:ef:d4,-65,307,217,6054560219,true
11-2,2024-12-27 15:56:19.585,MCSLab RTT AP2,24:29:34:e1:ef:d4,-65,307,217,6054560219,true
11-2,2024-12-27 15:56:19.585,MCSLab RTT AP3,e4:5e:1b:a0:5e:85,-62,6807,635,6054560219,true
11-2,2024-12-27 15:56:19.585,MCSLab RTT AP2,24:29:34:e1:ef:d4,-65,307,217,6054560219,true
11-2,2024-12-27 15:56:19.585,MCSLab RTT AP3,e4:5e:1b:a0:5e:85,-62,6807,635,6054560219,true
11-2,2024-12-27 15:56:19.585,MCSLab RTT AP1,24:29:34:e2:4c:36,-69,5405,441,6054560219,true
11-2,2024-12-27 15:56:19.585,MCSLab RTT AP2,24:29:34:e1:ef:d4,-65,307,217,6054560219,true
11-2,2024-12-27 15:56:19.585,MCSLab RTT AP3,e4:5e:1b:a0:5e:85,-62,6807,635,6054560219,true
11-2,2024-12-27 15:56:19.585,MCSLab RTT AP1,24:29:34:e2:4c:36,-69,5405,441,6054560219,true
11-2,2024-12-27 15:56:19.585,MCSLab RTT AP3,b0:e4:d5:88:16:86,-59,2703,1133,6054560219,true
11-2,2024-12-27 15:56:19.734,MCSLab RTT AP2,24:29:34:e1:ef:d4,-64,542,305,6054560366,true
11-2,2024-12-27 15:56:19.734,MCSLab RTT AP2,24:29:34:e1:ef:d4,-64,542,305,6054560366,true
11-2,2024-12-27 15:56:19.734,MCSLab RTT AP3,e4:5e:1b:a0:5e:85,-62,6865,476,6054560366,true
11-2,2024-12-27 15:56:19.734,MCSLab RTT AP2,24:29:34:e1:ef:d4,-64,542,305,6054560366,true
11-2,2024-12-27 15:56:19.734,MCSLab RTT AP3,e4:5e:1b:a0:5e:85,-62,6865,476,6054560366,true
11-2,2024-12-27 15:56:19.734,MCSLab RTT AP1,24:29:34:e2:4c:36,-69,5327,519,6054560366,true
11-2,2024-12-27 15:56:19.734,MCSLab RTT AP2,24:29:34:e1:ef:d4,-64,542,305,6054560366,true
11-2,2024-12-27 15:56:19.734,MCSLab RTT AP3,e4:5e:1b:a0:5e:85,-62,6865,476,6054560366,true
11-2,2024-12-27 15:56:19.734,MCSLab RTT AP1,24:29:34:e2:4c:36,-69,5327,519,6054560366,true
11-2,2024-12-27 15:56:19.734,MCSLab RTT AP3,b0:e4:d5:88:16:86,-64,2625,1151,6054560366,true
11-2,2024-12-27 15:56:19.880,MCSLab RTT AP2,24:29:34:e1:ef:d4,-64,600,192,6054560513,true
11-2,2024-12-27 15:56:19.880,MCSLab RTT AP2,24:29:34:e1:ef:d4,-64,600,192,6054560513,true
11-2,2024-12-27 15:56:19.880,MCSLab RTT AP3,e4:5e:1b:a0:5e:85,-62,6719,584,6054560513,true
11-2,2024-12-27 15:56:19.880,MCSLab RTT AP2,24:29:34:e1:ef:d4,-64,600,192,6054560513,true
11-2,2024-12-27 15:56:19.880,MCSLab RTT AP3,e4:5e:1b:a0:5e:85,-62,6719,584,6054560513,true
11-2,2024-12-27 15:56:19.880,MCSLab RTT AP1,24:29:34:e2:4c:36,-69,5522,455,6054560513,true
11-2,2024-12-27 15:56:19.880,MCSLab RTT AP2,24:29:34:e1:ef:d4,-64,600,192,6054560513,true
11-2,2024-12-27 15:56:19.880,MCSLab RTT AP3,e4:5e:1b:a0:5e:85,-62,6719,584,6054560513,true
11-2,2024-12-27 15:56:19.880,MCSLab RTT AP1,24:29:34:e2:4c:36,-69,5522,455,6054560513,true
11-2,2024-12-27 15:56:19.880,MCSLab RTT AP3,b0:e4:d5:88:16:86,-64,2508,1209,6054560513,true
11-2,2024-12-27 15:56:20.024,MCSLab RTT AP2,24:29:34:e1:ef:d4,-65,405,224,6054560657,true
11-2,2024-12-27 15:56:20.024,MCSLab RTT AP2,24:29:34:e1:ef:d4,-65,405,224,6054560657,true
11-2,2024-12-27 15:56:20.024,MCSLab RTT AP3,e4:5e:1b:a0:5e:85,-58,6138,1008,6054560657,true
11-2,2024-12-27 15:56:20.024,MCSLab RTT AP2,24:29:34:e1:ef:d4,-65,405,224,6054560657,true
11-2,2024-12-27 15:56:20.024,MCSLab RTT AP3,e4:5e:1b:a0:5e:85,-58,6138,1008,6054560657,true
11-2,2024-12-27 15:56:20.024,MCSLab RTT AP1,24:29:34:e2:4c:36,-69,5327,562,6054560657,true
11-2,2024-12-27 15:56:20.024,MCSLab RTT AP2,24:29:34:e1:ef:d4,-65,405,224,6054560657,true
11-2,2024-12-27 15:56:20.024,MCSLab RTT AP3,e4:5e:1b:a0:5e:85,-58,6138,1008,6054560657,true
11-2,2024-12-27 15:56:20.024,MCSLab RTT AP1,24:29:34:e2:4c:36,-69,5327,562,6054560657,true
11-2,2024-12-27 15:56:20.024,MCSLab RTT AP3,b0:e4:d5:88:16:86,-59,2586,1469,6054560657,true
11-2,2024-12-27 15:56:20.164,MCSLab RTT AP2,24:29:34:e1:ef:d4,-64,600,82,6054560798,true
11-2,2024-12-27 15:56:20.164,MCSLab RTT AP2,24:29:34:e1:ef:d4,-64,600,82,6054560798,true
11-2,2024-12-27 15:56:20.164,MCSLab RTT AP3,e4:5e:1b:a0:5e:85,-62,6748,594,6054560798,true
11-2,2024-12-27 15:56:20.164,MCSLab RTT AP2,24:29:34:e1:ef:d4,-64,600,82,6054560798,true
11-2,2024-12-27 15:56:20.164,MCSLab RTT AP3,e4:5e:1b:a0:5e:85,-62,6748,594,6054560798,true
11-2,2024-12-27 15:56:20.164,MCSLab RTT AP1,24:29:34:e2:4c:36,-69,5405,981,6054560798,true
11-2,2024-12-27 15:56:20.164,MCSLab RTT AP2,24:29:34:e1:ef:d4,-64,600,82,6054560798,true
11-2,2024-12-27 15:56:20.164,MCSLab RTT AP3,e4:5e:1b:a0:5e:85,-62,6748,594,6054560798,true
11-2,2024-12-27 15:56:20.164,MCSLab RTT AP1,24:29:34:e2:4c:36,-69,5405,981,6054560798,true
11-2,2024-12-27 15:56:20.164,MCSLab RTT AP3,b0:e4:d5:88:16:86,-64,2625,1142,6054560798,true
11-2,2024-12-27 15:56:20.314,MCSLab RTT AP2,24:29:34:e1:ef:d4,-65,600,98,6054560945,true
11-2,2024-12-27 15:56:20.314,MCSLab RTT AP2,24:29:34:e1:ef:d4,-65,600,98,6054560945,true
11-2,2024-12-27 15:56:20.314,MCSLab RTT AP3,e4:5e:1b:a0:5e:85,-63,6631,713,6054560945,true
11-2,2024-12-27 15:56:20.314,MCSLab RTT AP2,24:29:34:e1:ef:d4,-65,600,98,6054560945,true
11-2,2024-12-27 15:56:20.314,MCSLab RTT AP3,e4:5e:1b:a0:5e:85,-63,6631,713,6054560945,true
11-2,2024-12-27 15:56:20.314,MCSLab RTT AP1,24:29:34:e2:4c:36,-68,5405,427,6054560945,true
11-2,2024-12-27 15:56:20.314,MCSLab RTT AP2,24:29:34:e1:ef:d4,-65,600,98,6054560945,true
11-2,2024-12-27 15:56:20.314,MCSLab RTT AP3,e4:5e:1b:a0:5e:85,-63,6631,713,6054560945,true
11-2,2024-12-27 15:56:20.314,MCSLab RTT AP1,24:29:34:e2:4c:36,-68,5405,427,6054560945,true
11-2,2024-12-27 15:56:20.314,MCSLab RTT AP3,b0:e4:d5:88:16:86,-64,2508,1163,6054560945,true
11-2,2024-12-27 15:56:20.457,MCSLab RTT AP2,24:29:34:e1:ef:d4,-65,561,269,6054561090,true
11-2,2024-12-27 15:56:20.457,MCSLab RTT AP2,24:29:34:e1:ef:d4,-65,561,269,6054561090,true
11-2,2024-12-27 15:56:20.457,MCSLab RTT AP3,e4:5e:1b:a0:5e:85,-63,6377,214,6054561090,true
11-2,2024-12-27 15:56:20.457,MCSLab RTT AP2,24:29:34:e1:ef:d4,-65,561,269,6054561090,true
11-2,2024-12-27 15:56:20.457,MCSLab RTT AP3,e4:5e:1b:a0:5e:85,-63,6377,214,6054561090,true
11-2,2024-12-27 15:56:20.457,MCSLab RTT AP1,24:29:34:e2:4c:36,-68,5171,395,6054561090,true
11-2,2024-12-27 15:56:20.457,MCSLab RTT AP2,24:29:34:e1:ef:d4,-65,561,269,6054561090,true
11-2,2024-12-27 15:56:20.457,MCSLab RTT AP3,e4:5e:1b:a0:5e:85,-63,6377,214,6054561090,true
11-2,2024-12-27 15:56:20.457,MCSLab RTT AP1,24:29:34:e2:4c:36,-68,5171,395,6054561090,true
11-2,2024-12-27 15:56:20.457,MCSLab RTT AP3,b0:e4:d5:88:16:86,-64,2586,1184,6054561090,true
11-2,2024-12-27 15:56:20.604,MCSLab RTT AP2,24:29:34:e1:ef:d4,-64,757,159,6054561236,true
11-2,2024-12-27 15:56:20.604,MCSLab RTT AP2,24:29:34:e1:ef:d4,-64,757,159,6054561236,true
11-2,2024-12-27 15:56:20.604,MCSLab RTT AP3,e4:5e:1b:a0:5e:85,-61,6533,214,6054561236,true
11-2,2024-12-27 15:56:20.604,MCSLab RTT AP2,24:29:34:e1:ef:d4,-64,757,159,6054561236,true
11-2,2024-12-27 15:56:20.604,MCSLab RTT AP3,e4:5e:1b:a0:5e:85,-61,6533,214,6054561236,true
11-2,2024-12-27 15:56:20.604,MCSLab RTT AP1,24:29:34:e2:4c:36,-69,5483,356,6054561236,true
11-2,2024-12-27 15:56:20.604,MCSLab RTT AP2,24:29:34:e1:ef:d4,-64,757,159,6054561236,true
11-2,2024-12-27 15:56:20.604,MCSLab RTT AP3,e4:5e:1b:a0:5e:85,-61,6533,214,6054561236,true
11-2,2024-12-27 15:56:20.604,MCSLab RTT AP1,24:29:34:e2:4c:36,-69,5483,356,6054561236,true
11-2,2024-12-27 15:56:20.604,MCSLab RTT AP3,b0:e4:d5:88:16:86,-64,2508,1123,6054561236,true
11-2,2024-12-27 15:56:20.749,MCSLab RTT AP2,24:29:34:e1:ef:d4,-65,796,75,6054561380,true
11-2,2024-12-27 15:56:20.749,MCSLab RTT AP2,24:29:34:e1:ef:d4,-65,796,75,6054561380,true
11-2,2024-12-27 15:56:20.749,MCSLab RTT AP3,e4:5e:1b:a0:5e:85,-62,6660,481,6054561380,true
11-2,2024-12-27 15:56:20.749,MCSLab RTT AP2,24:29:34:e1:ef:d4,-65,796,75,6054561380,true
11-2,2024-12-27 15:56:20.749,MCSLab RTT AP3,e4:5e:1b:a0:5e:85,-62,6660,481,6054561380,true
11-2,2024-12-27 15:56:20.749,MCSLab RTT AP1,24:29:34:e2:4c:36,-59,4966,641,6054561380,true
11-2,2024-12-27 15:56:20.749,MCSLab RTT AP2,24:29:34:e1:ef:d4,-65,796,75,6054561380,true
11-2,2024-12-27 15:56:20.749,MCSLab RTT AP3,e4:5e:1b:a0:5e:85,-62,6660,481,6054561380,true
11-2,2024-12-27 15:56:20.749,MCSLab RTT AP1,24:29:34:e2:4c:36,-59,4966,641,6054561380,true
11-2,2024-12-27 15:56:20.749,MCSLab RTT AP3,b0:e4:d5:88:16:86,-64,2508,1088,6054561380,true
11-2,2024-12-27 15:56:20.899,MCSLab RTT AP2,24:29:34:e1:ef:d4,-65,718,136,6054561530,true
11-2,2024-12-27 15:56:20.899,MCSLab RTT AP2,24:29:34:e1:ef:d4,-65,718,136,6054561530,true
11-2,2024-12-27 15:56:20.899,MCSLab RTT AP3,e4:5e:1b:a0:5e:85,-62,5986,360,6054561530,true
11-2,2024-12-27 15:56:20.899,MCSLab RTT AP2,24:29:34:e1:ef:d4,-65,718,136,6054561530,true
11-2,2024-12-27 15:56:20.899,MCSLab RTT AP3,e4:5e:1b:a0:5e:85,-62,5986,360,6054561530,true
11-2,2024-12-27 15:56:20.899,MCSLab RTT AP1,24:29:34:e2:4c:36,-68,5288,530,6054561530,true
11-2,2024-12-27 15:56:20.899,MCSLab RTT AP2,24:29:34:e1:ef:d4,-65,718,136,6054561530,true
11-2,2024-12-27 15:56:20.899,MCSLab RTT AP3,e4:5e:1b:a0:5e:85,-62,5986,360,6054561530,true
11-2,2024-12-27 15:56:20.899,MCSLab RTT AP1,24:29:34:e2:4c:36,-68,5288,530,6054561530,true
11-2,2024-12-27 15:56:20.899,MCSLab RTT AP3,b0:e4:d5:88:16:86,-65,2664,1103,6054561530,true
11-2,2024-12-27 15:56:21.047,MCSLab RTT AP2,24:29:34:e1:ef:d4,-65,874,86,6054561679,true
11-2,2024-12-27 15:56:21.047,MCSLab RTT AP2,24:29:34:e1:ef:d4,-65,874,86,6054561679,true
11-2,2024-12-27 15:56:21.047,MCSLab RTT AP3,e4:5e:1b:a0:5e:85,-62,6103,307,6054561679,true
11-2,2024-12-27 15:56:21.047,MCSLab RTT AP2,24:29:34:e1:ef:d4,-65,874,86,6054561679,true
11-2,2024-12-27 15:56:21.047,MCSLab RTT AP3,e4:5e:1b:a0:5e:85,-62,6103,307,6054561679,true
11-2,2024-12-27 15:56:21.047,MCSLab RTT AP1,24:29:34:e2:4c:36,-69,5366,379,6054561679,true
11-2,2024-12-27 15:56:21.047,MCSLab RTT AP2,24:29:34:e1:ef:d4,-65,874,86,6054561679,true
11-2,2024-12-27 15:56:21.047,MCSLab RTT AP3,e4:5e:1b:a0:5e:85,-62,6103,307,6054561679,true
11-2,2024-12-27 15:56:21.047,MCSLab RTT AP1,24:29:34:e2:4c:36,-69,5366,379,6054561679,true
11-2,2024-12-27 15:56:21.047,MCSLab RTT AP3,b0:e4:d5:88:16:86,-63,2394,1160,6054561679,true
11-2,2024-12-27 15:56:21.192,MCSLab RTT AP2,24:29:34:e1:ef:d4,-63,1040,98,6054561826,true
11-2,2024-12-27 15:56:21.192,MCSLab RTT AP2,24:29:34:e1:ef:d4,-63,1040,98,6054561826,true
11-2,2024-12-27 15:56:21.192,MCSLab RTT AP3,e4:5e:1b:a0:5e:85,-62,6299,220,6054561826,true
11-2,2024-12-27 15:56:21.192,MCSLab RTT AP2,24:29:34:e1:ef:d4,-63,1040,98,6054561826,true
11-2,2024-12-27 15:56:21.192,MCSLab RTT AP3,e4:5e:1b:a0:5e:85,-62,6299,220,6054561826,true
11-2,2024-12-27 15:56:21.192,MCSLab RTT AP1,24:29:34:e2:4c:36,-62,5244,1169,6054561826,true
11-2,2024-12-27 15:56:21.192,MCSLab RTT AP2,24:29:34:e1:ef:d4,-63,1040,98,6054561826,true
11-2,2024-12-27 15:56:21.192,MCSLab RTT AP3,e4:5e:1b:a0:5e:85,-62,6299,220,6054561826,true
11-2,2024-12-27 15:56:21.192,MCSLab RTT AP1,24:29:34:e2:4c:36,-62,5244,1169,6054561826,true
11-2,2024-12-27 15:56:21.192,MCSLab RTT AP3,b0:e4:d5:88:16:86,-62,2547,1144,6054561826,true
11-2,2024-12-27 15:56:21.338,MCSLab RTT AP2,24:29:34:e1:ef:d4,-64,874,58,6054561973,true
11-2,2024-12-27 15:56:21.338,MCSLab RTT AP2,24:29:34:e1:ef:d4,-64,874,58,6054561973,true
11-2,2024-12-27 15:56:21.338,MCSLab RTT AP3,e4:5e:1b:a0:5e:85,-62,6660,584,6054561973,true
11-2,2024-12-27 15:56:21.338,MCSLab RTT AP2,24:29:34:e1:ef:d4,-64,874,58,6054561973,true
11-2,2024-12-27 15:56:21.338,MCSLab RTT AP3,e4:5e:1b:a0:5e:85,-62,6660,584,6054561973,true
11-2,2024-12-27 15:56:21.338,MCSLab RTT AP1,24:29:34:e2:4c:36,-68,5288,538,6054561973,true
11-2,2024-12-27 15:56:21.338,MCSLab RTT AP2,24:29:34:e1:ef:d4,-64,874,58,6054561973,true
11-2,2024-12-27 15:56:21.338,MCSLab RTT AP3,e4:5e:1b:a0:5e:85,-62,6660,584,6054561973,true
11-2,2024-12-27 15:56:21.338,MCSLab RTT AP1,24:29:34:e2:4c:36,-68,5288,538,6054561973,true
11-2,2024-12-27 15:56:21.338,MCSLab RTT AP3,b0:e4:d5:88:16:86,-59,2508,1321,6054561973,true
11-2,2024-12-27 15:56:21.482,MCSLab RTT AP2,24:29:34:e1:ef:d4,-64,952,121,6054562115,true
11-2,2024-12-27 15:56:21.482,MCSLab RTT AP2,24:29:34:e1:ef:d4,-64,952,121,6054562115,true
11-2,2024-12-27 15:56:21.482,MCSLab RTT AP3,e4:5e:1b:a0:5e:85,-62,6748,600,6054562115,true
11-2,2024-12-27 15:56:21.482,MCSLab RTT AP2,24:29:34:e1:ef:d4,-64,952,121,6054562115,true
11-2,2024-12-27 15:56:21.482,MCSLab RTT AP3,e4:5e:1b:a0:5e:85,-62,6748,600,6054562115,true
11-2,2024-12-27 15:56:21.482,MCSLab RTT AP1,24:29:34:e2:4c:36,-67,5171,900,6054562115,true
11-2,2024-12-27 15:56:21.482,MCSLab RTT AP2,24:29:34:e1:ef:d4,-64,952,121,6054562115,true
11-2,2024-12-27 15:56:21.482,MCSLab RTT AP3,e4:5e:1b:a0:5e:85,-62,6748,600,6054562115,true
11-2,2024-12-27 15:56:21.482,MCSLab RTT AP1,24:29:34:e2:4c:36,-67,5171,900,6054562115,true
11-2,2024-12-27 15:56:21.482,MCSLab RTT AP3,b0:e4:d5:88:16:86,-64,2430,1129,6054562115,true
11-2,2024-12-27 15:56:21.623,MCSLab RTT AP2,24:29:34:e1:ef:d4,-64,981,83,6054562257,true
11-2,2024-12-27 15:56:21.623,MCSLab RTT AP2,24:29:34:e1:ef:d4,-64,981,83,6054562257,true
11-2,2024-12-27 15:56:21.623,MCSLab RTT AP3,e4:5e:1b:a0:5e:85,-63,6103,238,6054562257,true
11-2,2024-12-27 15:56:21.623,MCSLab RTT AP2,24:29:34:e1:ef:d4,-64,981,83,6054562257,true
11-2,2024-12-27 15:56:21.623,MCSLab RTT AP3,e4:5e:1b:a0:5e:85,-63,6103,238,6054562257,true
11-2,2024-12-27 15:56:21.623,MCSLab RTT AP1,24:29:34:e2:4c:36,-67,5288,427,6054562257,true
11-2,2024-12-27 15:56:21.623,MCSLab RTT AP2,24:29:34:e1:ef:d4,-64,981,83,6054562257,true
11-2,2024-12-27 15:56:21.623,MCSLab RTT AP3,e4:5e:1b:a0:5e:85,-63,6103,238,6054562257,true
11-2,2024-12-27 15:56:21.623,MCSLab RTT AP1,24:29:34:e2:4c:36,-67,5288,427,6054562257,true
11-2,2024-12-27 15:56:21.623,MCSLab RTT AP3,b0:e4:d5:88:16:86,-64,2469,1239,6054562257,true
11-2,2024-12-27 15:56:21.759,MCSLab RTT AP2,24:29:34:e1:ef:d4,-64,835,121,6054562392,true
11-2,2024-12-27 15:56:21.759,MCSLab RTT AP2,24:29:34:e1:ef:d4,-64,835,121,6054562392,true
11-2,2024-12-27 15:56:21.759,MCSLab RTT AP3,e4:5e:1b:a0:5e:85,-62,6299,266,6054562392,true
11-2,2024-12-27 15:56:21.759,MCSLab RTT AP2,24:29:34:e1:ef:d4,-64,835,121,6054562392,true
11-2,2024-12-27 15:56:21.759,MCSLab RTT AP3,e4:5e:1b:a0:5e:85,-62,6299,266,6054562392,true
11-2,2024-12-27 15:56:21.759,MCSLab RTT AP1,24:29:34:e2:4c:36,-67,5405,289,6054562392,true
11-2,2024-12-27 15:56:21.759,MCSLab RTT AP2,24:29:34:e1:ef:d4,-64,835,121,6054562392,true
11-2,2024-12-27 15:56:21.759,MCSLab RTT AP3,e4:5e:1b:a0:5e:85,-62,6299,266,6054562392,true
11-2,2024-12-27 15:56:21.759,MCSLab RTT AP1,24:29:34:e2:4c:36,-67,5405,289,6054562392,true
11-2,2024-12-27 15:56:21.759,MCSLab RTT AP3,b0:e4:d5:88:16:86,-63,2625,1149,6054562392,true
11-2,2024-12-27 15:56:21.903,MCSLab RTT AP2,24:29:34:e1:ef:d4,-65,639,103,6054562536,true
11-2,2024-12-27 15:56:21.903,MCSLab RTT AP2,24:29:34:e1:ef:d4,-65,639,103,6054562536,true
11-2,2024-12-27 15:56:21.903,MCSLab RTT AP3,e4:5e:1b:a0:5e:85,-62,6660,300,6054562536,true
11-2,2024-12-27 15:56:21.903,MCSLab RTT AP2,24:29:34:e1:ef:d4,-65,639,103,6054562536,true
11-2,2024-12-27 15:56:21.903,MCSLab RTT AP3,e4:5e:1b:a0:5e:85,-62,6660,300,6054562536,true
11-2,2024-12-27 15:56:21.903,MCSLab RTT AP1,24:29:34:e2:4c:36,-59,5127,644,6054562536,true
11-2,2024-12-27 15:56:21.903,MCSLab RTT AP2,24:29:34:e1:ef:d4,-65,639,103,6054562536,true
11-2,2024-12-27 15:56:21.903,MCSLab RTT AP3,e4:5e:1b:a0:5e:85,-62,6660,300,6054562536,true
11-2,2024-12-27 15:56:21.903,MCSLab RTT AP1,24:29:34:e2:4c:36,-59,5127,644,6054562536,true
11-2,2024-12-27 15:56:21.903,MCSLab RTT AP3,b0:e4:d5:88:16:86,-63,2547,1203,6054562536,true
11-2,2024-12-27 15:56:22.052,MCSLab RTT AP2,24:29:34:e1:ef:d4,-65,718,120,6054562684,true
11-2,2024-12-27 15:56:22.052,MCSLab RTT AP2,24:29:34:e1:ef:d4,-65,718,120,6054562684,true
11-2,2024-12-27 15:56:22.052,MCSLab RTT AP3,e4:5e:1b:a0:5e:85,-62,6660,451,6054562684,true
11-2,2024-12-27 15:56:22.052,MCSLab RTT AP2,24:29:34:e1:ef:d4,-65,718,120,6054562684,true
11-2,2024-12-27 15:56:22.052,MCSLab RTT AP3,e4:5e:1b:a0:5e:85,-62,6660,451,6054562684,true
11-2,2024-12-27 15:56:22.052,MCSLab RTT AP1,24:29:34:e2:4c:36,-68,5210,382,6054562684,true
11-2,2024-12-27 15:56:22.052,MCSLab RTT AP2,24:29:34:e1:ef:d4,-65,718,120,6054562684,true
11-2,2024-12-27 15:56:22.052,MCSLab RTT AP3,e4:5e:1b:a0:5e:85,-62,6660,451,6054562684,true
11-2,2024-12-27 15:56:22.052,MCSLab RTT AP1,24:29:34:e2:4c:36,-68,5210,382,6054562684,true
11-2,2024-12-27 15:56:22.052,MCSLab RTT AP3,b0:e4:d5:88:16:86,-63,2625,1139,6054562684,true
11-2,2024-12-27 15:56:22.205,MCSLab RTT AP2,24:29:34:e1:ef:d4,-64,600,240,6054562830,true
11-2,2024-12-27 15:56:22.205,MCSLab RTT AP2,24:29:34:e1:ef:d4,-64,600,240,6054562830,true
11-2,2024-12-27 15:56:22.205,MCSLab RTT AP3,e4:5e:1b:a0:5e:85,-60,6494,830,6054562830,true
11-2,2024-12-27 15:56:22.205,MCSLab RTT AP2,24:29:34:e1:ef:d4,-64,600,240,6054562830,true
11-2,2024-12-27 15:56:22.205,MCSLab RTT AP3,e4:5e:1b:a0:5e:85,-60,6494,830,6054562830,true
11-2,2024-12-27 15:56:22.205,MCSLab RTT AP1,24:29:34:e2:4c:36,-68,5210,395,6054562830,true
11-2,2024-12-27 15:56:22.205,MCSLab RTT AP2,24:29:34:e1:ef:d4,-64,600,240,6054562830,true
11-2,2024-12-27 15:56:22.205,MCSLab RTT AP3,e4:5e:1b:a0:5e:85,-60,6494,830,6054562830,true
11-2,2024-12-27 15:56:22.205,MCSLab RTT AP1,24:29:34:e2:4c:36,-68,5210,395,6054562830,true
11-2,2024-12-27 15:56:22.205,MCSLab RTT AP3,b0:e4:d5:88:16:86,-63,2547,1142,6054562829,true
11-2,2024-12-27 15:56:22.333,MCSLab RTT AP2,24:29:34:e1:ef:d4,-64,874,103,6054562966,true
11-2,2024-12-27 15:56:22.333,MCSLab RTT AP2,24:29:34:e1:ef:d4,-64,874,103,6054562966,true
11-2,2024-12-27 15:56:22.333,MCSLab RTT AP3,e4:5e:1b:a0:5e:85,-62,6748,469,6054562966,true
11-2,2024-12-27 15:56:22.333,MCSLab RTT AP2,24:29:34:e1:ef:d4,-64,874,103,6054562966,true
11-2,2024-12-27 15:56:22.333,MCSLab RTT AP3,e4:5e:1b:a0:5e:85,-62,6748,469,6054562966,true
11-2,2024-12-27 15:56:22.333,MCSLab RTT AP1,24:29:34:e2:4c:36,-68,5327,495,6054562966,true
11-2,2024-12-27 15:56:22.333,MCSLab RTT AP2,24:29:34:e1:ef:d4,-64,874,103,6054562966,true
11-2,2024-12-27 15:56:22.333,MCSLab RTT AP3,e4:5e:1b:a0:5e:85,-62,6748,469,6054562966,true
11-2,2024-12-27 15:56:22.333,MCSLab RTT AP1,24:29:34:e2:4c:36,-68,5327,495,6054562966,true
11-2,2024-12-27 15:56:22.333,MCSLab RTT AP3,b0:e4:d5:88:16:86,-64,2586,1080,6054562966,true
11-2,2024-12-27 15:56:22.481,MCSLab RTT AP2,24:29:34:e1:ef:d4,-64,571,437,6054563114,true
11-2,2024-12-27 15:56:22.481,MCSLab RTT AP2,24:29:34:e1:ef:d4,-64,571,437,6054563114,true
11-2,2024-12-27 15:56:22.481,MCSLab RTT AP3,e4:5e:1b:a0:5e:85,-62,6631,612,6054563114,true
11-2,2024-12-27 15:56:22.481,MCSLab RTT AP2,24:29:34:e1:ef:d4,-64,571,437,6054563114,true
11-2,2024-12-27 15:56:22.481,MCSLab RTT AP3,e4:5e:1b:a0:5e:85,-62,6631,612,6054563114,true
11-2,2024-12-27 15:56:22.481,MCSLab RTT AP1,24:29:34:e2:4c:36,-68,5327,580,6054563114,true
11-2,2024-12-27 15:56:22.481,MCSLab RTT AP2,24:29:34:e1:ef:d4,-64,571,437,6054563114,true
11-2,2024-12-27 15:56:22.481,MCSLab RTT AP3,e4:5e:1b:a0:5e:85,-62,6631,612,6054563114,true
11-2,2024-12-27 15:56:22.481,MCSLab RTT AP1,24:29:34:e2:4c:36,-68,5327,580,6054563114,true
11-2,2024-12-27 15:56:22.481,MCSLab RTT AP3,b0:e4:d5:88:16:86,-65,2743,1103,6054563114,true
11-2,2024-12-27 15:56:22.620,MCSLab RTT AP2,24:29:34:e1:ef:d4,-65,659,256,6054563252,true
11-2,2024-12-27 15:56:22.620,MCSLab RTT AP2,24:29:34:e1:ef:d4,-65,659,256,6054563252,true
11-2,2024-12-27 15:56:22.620,MCSLab RTT AP3,e4:5e:1b:a0:5e:85,-62,6777,579,6054563252,true
11-2,2024-12-27 15:56:22.620,MCSLab RTT AP2,24:29:34:e1:ef:d4,-65,659,256,6054563252,true
11-2,2024-12-27 15:56:22.620,MCSLab RTT AP3,e4:5e:1b:a0:5e:85,-62,6777,579,6054563252,true
11-2,2024-12-27 15:56:22.620,MCSLab RTT AP1,24:29:34:e2:4c:36,-59,5288,897,6054563252,true
11-2,2024-12-27 15:56:22.620,MCSLab RTT AP2,24:29:34:e1:ef:d4,-65,659,256,6054563252,true
11-2,2024-12-27 15:56:22.620,MCSLab RTT AP3,e4:5e:1b:a0:5e:85,-62,6777,579,6054563252,true
11-2,2024-12-27 15:56:22.620,MCSLab RTT AP1,24:29:34:e2:4c:36,-59,5288,897,6054563252,true
11-2,2024-12-27 15:56:22.620,MCSLab RTT AP3,b0:e4:d5:88:16:86,-64,2430,1202,6054563252,true
11-2,2024-12-27 15:56:22.758,MCSLab RTT AP2,24:29:34:e1:ef:d4,-65,630,82,6054563391,true
11-2,2024-12-27 15:56:22.758,MCSLab RTT AP2,24:29:34:e1:ef:d4,-65,630,82,6054563391,true
11-2,2024-12-27 15:56:22.758,MCSLab RTT AP3,e4:5e:1b:a0:5e:85,-63,6777,589,6054563391,true
11-2,2024-12-27 15:56:22.758,MCSLab RTT AP2,24:29:34:e1:ef:d4,-65,630,82,6054563391,true
11-2,2024-12-27 15:56:22.758,MCSLab RTT AP3,e4:5e:1b:a0:5e:85,-63,6777,589,6054563391,true
11-2,2024-12-27 15:56:22.758,MCSLab RTT AP1,24:29:34:e2:4c:36,-69,5366,415,6054563391,true
11-2,2024-12-27 15:56:22.758,MCSLab RTT AP2,24:29:34:e1:ef:d4,-65,630,82,6054563391,true
11-2,2024-12-27 15:56:22.758,MCSLab RTT AP3,e4:5e:1b:a0:5e:85,-63,6777,589,6054563391,true
11-2,2024-12-27 15:56:22.758,MCSLab RTT AP1,24:29:34:e2:4c:36,-69,5366,415,6054563391,true
11-2,2024-12-27 15:56:22.758,MCSLab RTT AP3,b0:e4:d5:88:16:86,-59,4910,3013,6054563391,true
11-2,2024-12-27 15:56:22.906,MCSLab RTT AP2,24:29:34:e1:ef:d4,-66,366,312,6054563538,true
11-2,2024-12-27 15:56:22.906,MCSLab RTT AP2,24:29:34:e1:ef:d4,-66,366,312,6054563538,true
11-2,2024-12-27 15:56:22.906,MCSLab RTT AP3,e4:5e:1b:a0:5e:85,-61,6719,583,6054563538,true
11-2,2024-12-27 15:56:22.906,MCSLab RTT AP2,24:29:34:e1:ef:d4,-66,366,312,6054563538,true
11-2,2024-12-27 15:56:22.906,MCSLab RTT AP3,e4:5e:1b:a0:5e:85,-61,6719,583,6054563538,true
11-2,2024-12-27 15:56:22.906,MCSLab RTT AP1,24:29:34:e2:4c:36,-68,5444,409,6054563538,true
11-2,2024-12-27 15:56:22.906,MCSLab RTT AP2,24:29:34:e1:ef:d4,-66,366,312,6054563538,true
11-2,2024-12-27 15:56:22.906,MCSLab RTT AP3,e4:5e:1b:a0:5e:85,-61,6719,583,6054563538,true
11-2,2024-12-27 15:56:22.906,MCSLab RTT AP1,24:29:34:e2:4c:36,-68,5444,409,6054563538,true
11-2,2024-12-27 15:56:22.906,MCSLab RTT AP3,b0:e4:d5:88:16:86,-64,2430,1275,6054563538,true
11-2,2024-12-27 15:56:23.053,MCSLab RTT AP2,24:29:34:e1:ef:d4,-66,893,75,6054563685,true
11-2,2024-12-27 15:56:23.053,MCSLab RTT AP2,24:29:34:e1:ef:d4,-66,893,75,6054563685,true
11-2,2024-12-27 15:56:23.053,MCSLab RTT AP3,e4:5e:1b:a0:5e:85,-61,6777,453,6054563685,true
11-2,2024-12-27 15:56:23.053,MCSLab RTT AP2,24:29:34:e1:ef:d4,-66,893,75,6054563685,true
11-2,2024-12-27 15:56:23.053,MCSLab RTT AP3,e4:5e:1b:a0:5e:85,-61,6777,453,6054563685,true
11-2,2024-12-27 15:56:23.053,MCSLab RTT AP1,24:29:34:e2:4c:36,-68,5405,456,6054563685,true
11-2,2024-12-27 15:56:23.053,MCSLab RTT AP2,24:29:34:e1:ef:d4,-66,893,75,6054563685,true
11-2,2024-12-27 15:56:23.053,MCSLab RTT AP3,e4:5e:1b:a0:5e:85,-61,6777,453,6054563685,true
11-2,2024-12-27 15:56:23.053,MCSLab RTT AP1,24:29:34:e2:4c:36,-68,5405,456,6054563685,true
11-2,2024-12-27 15:56:23.053,MCSLab RTT AP3,b0:e4:d5:88:16:86,-64,2547,1159,6054563685,true
11-2,2024-12-27 15:56:23.211,MCSLab RTT AP2,24:29:34:e1:ef:d4,-66,15,105,6054563829,true
11-2,2024-12-27 15:56:23.211,MCSLab RTT AP2,24:29:34:e1:ef:d4,-66,15,105,6054563829,true
11-2,2024-12-27 15:56:23.211,MCSLab RTT AP3,e4:5e:1b:a0:5e:85,-62,6719,577,6054563829,true
11-2,2024-12-27 15:56:23.211,MCSLab RTT AP2,24:29:34:e1:ef:d4,-66,15,105,6054563829,true
11-2,2024-12-27 15:56:23.211,MCSLab RTT AP3,e4:5e:1b:a0:5e:85,-62,6719,577,6054563829,true
11-2,2024-12-27 15:56:23.211,MCSLab RTT AP1,24:29:34:e2:4c:36,-69,5288,688,6054563829,true
11-2,2024-12-27 15:56:23.211,MCSLab RTT AP2,24:29:34:e1:ef:d4,-66,15,105,6054563829,true
11-2,2024-12-27 15:56:23.211,MCSLab RTT AP3,e4:5e:1b:a0:5e:85,-62,6719,577,6054563829,true
11-2,2024-12-27 15:56:23.211,MCSLab RTT AP1,24:29:34:e2:4c:36,-69,5288,688,6054563829,true
11-2,2024-12-27 15:56:23.211,MCSLab RTT AP3,b0:e4:d5:88:16:86,-60,2547,1469,6054563829,true
11-2,2024-12-27 15:56:23.341,MCSLab RTT AP2,24:29:34:e1:ef:d4,-65,454,232,6054563975,true
11-2,2024-12-27 15:56:23.341,MCSLab RTT AP2,24:29:34:e1:ef:d4,-65,454,232,6054563975,true
11-2,2024-12-27 15:56:23.341,MCSLab RTT AP3,e4:5e:1b:a0:5e:85,-62,6601,416,6054563975,true
11-2,2024-12-27 15:56:23.341,MCSLab RTT AP2,24:29:34:e1:ef:d4,-65,454,232,6054563975,true
11-2,2024-12-27 15:56:23.341,MCSLab RTT AP3,e4:5e:1b:a0:5e:85,-62,6601,416,6054563975,true
11-2,2024-12-27 15:56:23.341,MCSLab RTT AP1,24:29:34:e2:4c:36,-68,5171,523,6054563975,true
11-2,2024-12-27 15:56:23.341,MCSLab RTT AP2,24:29:34:e1:ef:d4,-65,454,232,6054563975,true
11-2,2024-12-27 15:56:23.341,MCSLab RTT AP3,e4:5e:1b:a0:5e:85,-62,6601,416,6054563975,true
11-2,2024-12-27 15:56:23.341,MCSLab RTT AP1,24:29:34:e2:4c:36,-68,5171,523,6054563975,true
11-2,2024-12-27 15:56:23.341,MCSLab RTT AP3,b0:e4:d5:88:16:86,-64,2586,1099,6054563975,true
11-2,2024-12-27 15:56:23.490,MCSLab RTT AP2,24:29:34:e1:ef:d4,-68,132,53,6054564122,true
11-2,2024-12-27 15:56:23.490,MCSLab RTT AP2,24:29:34:e1:ef:d4,-68,132,53,6054564122,true
11-2,2024-12-27 15:56:23.490,MCSLab RTT AP3,e4:5e:1b:a0:5e:85,-61,6188,1156,6054564122,true
11-2,2024-12-27 15:56:23.490,MCSLab RTT AP2,24:29:34:e1:ef:d4,-68,132,53,6054564122,true
11-2,2024-12-27 15:56:23.490,MCSLab RTT AP3,e4:5e:1b:a0:5e:85,-61,6188,1156,6054564122,true
11-2,2024-12-27 15:56:23.490,MCSLab RTT AP1,24:29:34:e2:4c:36,-69,5171,685,6054564122,true
11-2,2024-12-27 15:56:23.490,MCSLab RTT AP2,24:29:34:e1:ef:d4,-68,132,53,6054564122,true
11-2,2024-12-27 15:56:23.490,MCSLab RTT AP3,e4:5e:1b:a0:5e:85,-61,6188,1156,6054564122,true
11-2,2024-12-27 15:56:23.490,MCSLab RTT AP1,24:29:34:e2:4c:36,-69,5171,685,6054564122,true
11-2,2024-12-27 15:56:23.490,MCSLab RTT AP3,b0:e4:d5:88:16:86,-63,2703,1071,6054564122,true
11-2,2024-12-27 15:56:23.631,MCSLab RTT AP2,24:29:34:e1:ef:d4,-69,132,145,6054564262,true
11-2,2024-12-27 15:56:23.631,MCSLab RTT AP2,24:29:34:e1:ef:d4,-69,132,145,6054564262,true
11-2,2024-12-27 15:56:23.631,MCSLab RTT AP3,e4:5e:1b:a0:5e:85,-64,6514,797,6054564262,true
11-2,2024-12-27 15:56:23.631,MCSLab RTT AP2,24:29:34:e1:ef:d4,-69,132,145,6054564262,true
11-2,2024-12-27 15:56:23.631,MCSLab RTT AP3,e4:5e:1b:a0:5e:85,-64,6514,797,6054564262,true
11-2,2024-12-27 15:56:23.631,MCSLab RTT AP1,24:29:34:e2:4c:36,-69,5366,286,6054564262,true
11-2,2024-12-27 15:56:23.631,MCSLab RTT AP2,24:29:34:e1:ef:d4,-69,132,145,6054564262,true
11-2,2024-12-27 15:56:23.631,MCSLab RTT AP3,e4:5e:1b:a0:5e:85,-64,6514,797,6054564262,true
11-2,2024-12-27 15:56:23.631,MCSLab RTT AP1,24:29:34:e2:4c:36,-69,5366,286,6054564262,true
11-2,2024-12-27 15:56:23.631,MCSLab RTT AP3,b0:e4:d5:88:16:86,-64,2391,1279,6054564262,true
11-2,2024-12-27 15:56:23.778,MCSLab RTT AP2,24:29:34:e1:ef:d4,-66,454,158,6054564410,true
11-2,2024-12-27 15:56:23.778,MCSLab RTT AP2,24:29:34:e1:ef:d4,-66,454,158,6054564410,true
11-2,2024-12-27 15:56:23.778,MCSLab RTT AP3,e4:5e:1b:a0:5e:85,-64,6299,224,6054564409,true
11-2,2024-12-27 15:56:23.778,MCSLab RTT AP2,24:29:34:e1:ef:d4,-66,454,158,6054564410,true
11-2,2024-12-27 15:56:23.778,MCSLab RTT AP3,e4:5e:1b:a0:5e:85,-64,6299,224,6054564409,true
11-2,2024-12-27 15:56:23.778,MCSLab RTT AP1,24:29:34:e2:4c:36,-68,5249,444,6054564409,true
11-2,2024-12-27 15:56:23.778,MCSLab RTT AP2,24:29:34:e1:ef:d4,-66,454,158,6054564410,true
11-2,2024-12-27 15:56:23.778,MCSLab RTT AP3,e4:5e:1b:a0:5e:85,-64,6299,224,6054564409,true
11-2,2024-12-27 15:56:23.778,MCSLab RTT AP1,24:29:34:e2:4c:36,-68,5249,444,6054564409,true
11-2,2024-12-27 15:56:23.778,MCSLab RTT AP3,b0:e4:d5:88:16:86,-65,2596,1119,6054564409,true
11-2,2024-12-27 15:56:23.921,MCSLab RTT AP2,24:29:34:e1:ef:d4,-66,278,108,6054564554,true
11-2,2024-12-27 15:56:23.921,MCSLab RTT AP2,24:29:34:e1:ef:d4,-66,278,108,6054564554,true
11-2,2024-12-27 15:56:23.921,MCSLab RTT AP3,e4:5e:1b:a0:5e:85,-62,6777,736,6054564554,true
11-2,2024-12-27 15:56:23.921,MCSLab RTT AP2,24:29:34:e1:ef:d4,-66,278,108,6054564554,true
11-2,2024-12-27 15:56:23.921,MCSLab RTT AP3,e4:5e:1b:a0:5e:85,-62,6777,736,6054564554,true
11-2,2024-12-27 15:56:23.921,MCSLab RTT AP1,24:29:34:e2:4c:36,-68,5405,366,6054564554,true
11-2,2024-12-27 15:56:23.921,MCSLab RTT AP2,24:29:34:e1:ef:d4,-66,278,108,6054564554,true
11-2,2024-12-27 15:56:23.921,MCSLab RTT AP3,e4:5e:1b:a0:5e:85,-62,6777,736,6054564554,true
11-2,2024-12-27 15:56:23.921,MCSLab RTT AP1,24:29:34:e2:4c:36,-68,5405,366,6054564554,true
11-2,2024-12-27 15:56:23.921,MCSLab RTT AP3,b0:e4:d5:88:16:86,-63,2743,1223,6054564554,true
11-2,2024-12-27 15:56:24.065,MCSLab RTT AP2,24:29:34:e1:ef:d4,-66,161,81,6054564699,true
11-2,2024-12-27 15:56:24.065,MCSLab RTT AP2,24:29:34:e1:ef:d4,-66,161,81,6054564699,true
11-2,2024-12-27 15:56:24.065,MCSLab RTT AP3,e4:5e:1b:a0:5e:85,-64,6660,794,6054564699,true
11-2,2024-12-27 15:56:24.065,MCSLab RTT AP2,24:29:34:e1:ef:d4,-66,161,81,6054564699,true
11-2,2024-12-27 15:56:24.065,MCSLab RTT AP3,e4:5e:1b:a0:5e:85,-64,6660,794,6054564699,true
11-2,2024-12-27 15:56:24.065,MCSLab RTT AP1,24:29:34:e2:4c:36,-68,5249,594,6054564699,true
11-2,2024-12-27 15:56:24.065,MCSLab RTT AP2,24:29:34:e1:ef:d4,-66,161,81,6054564699,true
11-2,2024-12-27 15:56:24.065,MCSLab RTT AP3,e4:5e:1b:a0:5e:85,-64,6660,794,6054564699,true
11-2,2024-12-27 15:56:24.065,MCSLab RTT AP1,24:29:34:e2:4c:36,-68,5249,594,6054564699,true
11-2,2024-12-27 15:56:24.065,MCSLab RTT AP3,b0:e4:d5:88:16:86,-63,2743,1149,6054564699,true
11-2,2024-12-27 15:56:24.215,MCSLab RTT AP2,24:29:34:e1:ef:d4,-67,219,214,6054564843,true
11-2,2024-12-27 15:56:24.215,MCSLab RTT AP2,24:29:34:e1:ef:d4,-67,219,214,6054564843,true
11-2,2024-12-27 15:56:24.215,MCSLab RTT AP3,e4:5e:1b:a0:5e:85,-62,5986,414,6054564842,true
11-2,2024-12-27 15:56:24.215,MCSLab RTT AP2,24:29:34:e1:ef:d4,-67,219,214,6054564843,true
11-2,2024-12-27 15:56:24.215,MCSLab RTT AP3,e4:5e:1b:a0:5e:85,-62,5986,414,6054564842,true
11-2,2024-12-27 15:56:24.215,MCSLab RTT AP1,24:29:34:e2:4c:36,-61,5171,674,6054564843,true
11-2,2024-12-27 15:56:24.215,MCSLab RTT AP2,24:29:34:e1:ef:d4,-67,219,214,6054564843,true
11-2,2024-12-27 15:56:24.215,MCSLab RTT AP3,e4:5e:1b:a0:5e:85,-62,5986,414,6054564842,true
11-2,2024-12-27 15:56:24.215,MCSLab RTT AP1,24:29:34:e2:4c:36,-61,5171,674,6054564843,true
11-2,2024-12-27 15:56:24.215,MCSLab RTT AP3,b0:e4:d5:88:16:86,-59,2479,1206,6054564842,true
11-2,2024-12-27 15:56:24.355,MCSLab RTT AP2,24:29:34:e1:ef:d4,-64,337,159,6054564989,true
11-2,2024-12-27 15:56:24.355,MCSLab RTT AP2,24:29:34:e1:ef:d4,-64,337,159,6054564989,true
11-2,2024-12-27 15:56:24.355,MCSLab RTT AP3,e4:5e:1b:a0:5e:85,-62,6631,770,6054564989,true
11-2,2024-12-27 15:56:24.355,MCSLab RTT AP2,24:29:34:e1:ef:d4,-64,337,159,6054564989,true
11-2,2024-12-27 15:56:24.355,MCSLab RTT AP3,e4:5e:1b:a0:5e:85,-62,6631,770,6054564989,true
11-2,2024-12-27 15:56:24.355,MCSLab RTT AP1,24:29:34:e2:4c:36,-70,5405,455,6054564989,true
11-2,2024-12-27 15:56:24.355,MCSLab RTT AP2,24:29:34:e1:ef:d4,-64,337,159,6054564989,true
11-2,2024-12-27 15:56:24.355,MCSLab RTT AP3,e4:5e:1b:a0:5e:85,-62,6631,770,6054564989,true
11-2,2024-12-27 15:56:24.355,MCSLab RTT AP1,24:29:34:e2:4c:36,-70,5405,455,6054564989,true
11-2,2024-12-27 15:56:24.355,MCSLab RTT AP3,b0:e4:d5:88:16:86,-65,2586,1155,6054564989,true
11-2,2024-12-27 15:56:24.500,MCSLab RTT AP2,24:29:34:e1:ef:d4,-65,337,192,6054565132,true
11-2,2024-12-27 15:56:24.500,MCSLab RTT AP2,24:29:34:e1:ef:d4,-65,337,192,6054565132,true
11-2,2024-12-27 15:56:24.500,MCSLab RTT AP3,e4:5e:1b:a0:5e:85,-64,6748,700,6054565132,true
11-2,2024-12-27 15:56:24.500,MCSLab RTT AP2,24:29:34:e1:ef:d4,-65,337,192,6054565132,true
11-2,2024-12-27 15:56:24.500,MCSLab RTT AP3,e4:5e:1b:a0:5e:85,-64,6748,700,6054565132,true
11-2,2024-12-27 15:56:24.500,MCSLab RTT AP1,24:29:34:e2:4c:36,-69,5366,476,6054565132,true
11-2,2024-12-27 15:56:24.500,MCSLab RTT AP2,24:29:34:e1:ef:d4,-65,337,192,6054565132,true
11-2,2024-12-27 15:56:24.500,MCSLab RTT AP3,e4:5e:1b:a0:5e:85,-64,6748,700,6054565132,true
11-2,2024-12-27 15:56:24.500,MCSLab RTT AP1,24:29:34:e2:4c:36,-69,5366,476,6054565132,true
11-2,2024-12-27 15:56:24.500,MCSLab RTT AP3,b0:e4:d5:88:16:86,-66,2586,1123,6054565132,true
11-2,2024-12-27 15:56:24.649,MCSLab RTT AP2,24:29:34:e1:ef:d4,-65,395,115,6054565282,true
11-2,2024-12-27 15:56:24.649,MCSLab RTT AP2,24:29:34:e1:ef:d4,-65,395,115,6054565282,true
11-2,2024-12-27 15:56:24.649,MCSLab RTT AP3,e4:5e:1b:a0:5e:85,-59,6226,997,6054565282,true
11-2,2024-12-27 15:56:24.649,MCSLab RTT AP2,24:29:34:e1:ef:d4,-65,395,115,6054565282,true
11-2,2024-12-27 15:56:24.649,MCSLab RTT AP3,e4:5e:1b:a0:5e:85,-59,6226,997,6054565282,true
11-2,2024-12-27 15:56:24.649,MCSLab RTT AP1,24:29:34:e2:4c:36,-69,5288,520,6054565282,true
11-2,2024-12-27 15:56:24.649,MCSLab RTT AP2,24:29:34:e1:ef:d4,-65,395,115,6054565282,true
11-2,2024-12-27 15:56:24.649,MCSLab RTT AP3,e4:5e:1b:a0:5e:85,-59,6226,997,6054565282,true
11-2,2024-12-27 15:56:24.649,MCSLab RTT AP1,24:29:34:e2:4c:36,-69,5288,520,6054565282,true
11-2,2024-12-27 15:56:24.649,MCSLab RTT AP3,b0:e4:d5:88:16:86,-65,2586,1111,6054565281,true
